"symbol","date","open","high","low","close","volume"
"FRBK","1995-08-18","5.5","5.5","5.5","2.29","0"
"FRBK","1995-08-21","5.5","5.5","5.5","2.29","0"
"FRBK","1995-08-22","5.5","5.5","5.5","2.29","0"
"FRBK","1995-08-23","5.5","5.5","5.5","2.29","0"
"FRBK","1995-08-24","5.5","5.5","5.5","2.29","0"
"FRBK","1995-08-25","4.0","4.0","4.0","1.67","200"
"FRBK","1995-08-28","4.0","4.0","4.0","1.67","0"
"FRBK","1995-08-29","4.0","4.0","4.0","1.67","0"
"FRBK","1995-08-30","4.0","4.0","4.0","1.67","0"
"FRBK","1995-08-31","4.25","4.25","4.25","1.77","700"
"FRBK","1995-09-01","4.25","4.25","4.25","1.77","0"
"FRBK","1995-09-05","4.25","4.25","4.25","1.77","0"
"FRBK","1995-09-06","4.25","4.25","4.25","1.77","0"
"FRBK","1995-09-07","4.25","4.25","4.25","1.77","0"
"FRBK","1995-09-08","4.25","4.25","4.25","1.77","0"
"FRBK","1995-09-11","4.25","4.25","4.25","1.77","0"
"FRBK","1995-09-12","4.25","4.25","4.25","1.77","0"
"FRBK","1995-09-13","4.25","4.25","4.25","1.77","0"
"FRBK","1995-09-14","4.25","4.25","4.25","1.77","0"
"FRBK","1995-09-15","5.5","5.5","5.5","2.29","200"
"FRBK","1995-09-18","5.5","5.5","5.5","2.29","0"
"FRBK","1995-09-19","5.25","5.25","5.25","2.19","400"
"FRBK","1995-09-20","5.25","5.25","5.25","2.19","0"
"FRBK","1995-09-21","4.75","5.5","4.62","1.93","67500"
"FRBK","1995-09-22","4.62","4.75","4.62","1.93","86200"
"FRBK","1995-09-25","4.62","4.62","4.62","1.93","0"
"FRBK","1995-09-26","4.62","4.62","4.62","1.93","0"
"FRBK","1995-09-27","4.5","4.5","4.5","1.88","700"
"FRBK","1995-09-28","4.75","4.75","4.62","1.93","41900"
"FRBK","1995-09-29","4.62","4.62","4.62","1.93","0"
"FRBK","1995-10-02","4.62","4.62","4.62","1.93","0"
"FRBK","1995-10-03","4.62","4.62","4.62","1.93","0"
"FRBK","1995-10-04","4.62","4.62","4.62","1.93","0"
"FRBK","1995-10-05","4.62","4.62","4.62","1.93","0"
"FRBK","1995-10-06","4.62","4.62","4.62","1.93","0"
"FRBK","1995-10-09","4.62","4.62","4.62","1.93","0"
"FRBK","1995-10-10","4.62","4.62","4.62","1.93","0"
"FRBK","1995-10-11","4.62","4.62","4.62","1.93","0"
"FRBK","1995-10-12","4.25","4.75","4.25","1.93","44900"
"FRBK","1995-10-13","4.62","4.62","4.62","1.93","0"
"FRBK","1995-10-16","4.62","4.62","4.62","1.93","0"
"FRBK","1995-10-17","4.62","4.62","4.62","1.93","0"
"FRBK","1995-10-18","4.62","4.62","4.62","1.93","0"
"FRBK","1995-10-19","5.5","5.5","4.25","1.77","23100"
"FRBK","1995-10-20","5.25","5.25","5.25","2.19","700"
"FRBK","1995-10-23","5.5","5.5","4.62","1.98","21000"
"FRBK","1995-10-24","4.88","4.88","4.62","1.93","44100"
"FRBK","1995-10-25","4.62","4.62","4.62","1.93","0"
"FRBK","1995-10-26","4.5","4.5","4.5","1.88","400"
"FRBK","1995-10-27","4.5","4.5","4.5","1.88","0"
"FRBK","1995-10-30","4.5","4.5","4.5","1.88","0"
"FRBK","1995-10-31","5.5","5.5","5.5","2.29","800"
"FRBK","1995-11-01","5.0","5.0","5.0","2.08","800"
"FRBK","1995-11-02","5.0","5.0","5.0","2.08","1800"
"FRBK","1995-11-03","4.88","4.88","4.88","2.03","6100"
"FRBK","1995-11-06","4.88","4.88","4.88","2.03","0"
"FRBK","1995-11-07","5.5","5.5","5.5","2.29","18700"
"FRBK","1995-11-08","5.25","6.0","5.25","2.29","37700"
"FRBK","1995-11-09","5.5","5.5","5.5","2.29","0"
"FRBK","1995-11-10","5.5","5.5","5.5","2.29","0"
"FRBK","1995-11-13","6.5","6.5","6.5","2.71","400"
"FRBK","1995-11-14","6.5","6.5","6.0","2.5","7200"
"FRBK","1995-11-15","6.0","6.0","6.0","2.5","300"
"FRBK","1995-11-16","6.0","6.0","6.0","2.5","0"
"FRBK","1995-11-17","6.0","6.5","5.75","2.4","41900"
"FRBK","1995-11-20","6.0","6.0","5.56","2.4","55800"
"FRBK","1995-11-21","5.5","5.5","5.5","2.29","8100"
"FRBK","1995-11-22","5.25","5.25","5.25","2.19","800"
"FRBK","1995-11-24","5.25","5.25","5.25","2.19","0"
"FRBK","1995-11-27","5.87","6.5","5.5","2.29","34100"
"FRBK","1995-11-28","5.5","5.5","5.5","2.29","0"
"FRBK","1995-11-29","5.75","5.75","5.37","2.29","30200"
"FRBK","1995-11-30","5.5","5.5","5.5","2.29","0"
"FRBK","1995-12-01","5.75","5.75","5.75","2.4","800"
"FRBK","1995-12-04","5.75","5.75","5.75","2.4","0"
"FRBK","1995-12-05","5.75","5.75","5.75","2.4","0"
"FRBK","1995-12-06","5.5","5.5","5.5","2.29","1800"
"FRBK","1995-12-07","5.5","5.5","5.5","2.29","700"
"FRBK","1995-12-08","5.0","5.0","5.0","2.08","700"
"FRBK","1995-12-11","5.5","5.5","5.5","2.29","700"
"FRBK","1995-12-12","5.5","5.5","5.5","2.29","0"
"FRBK","1995-12-13","5.5","5.62","5.5","2.34","1800"
"FRBK","1995-12-14","5.62","5.62","5.62","2.34","0"
"FRBK","1995-12-15","5.5","5.5","5.5","2.29","700"
"FRBK","1995-12-18","5.5","5.5","5.5","2.29","700"
"FRBK","1995-12-19","5.25","5.62","5.25","2.34","1800"
"FRBK","1995-12-20","5.25","5.25","5.25","2.19","10300"
"FRBK","1995-12-21","5.37","5.37","5.37","2.24","10300"
"FRBK","1995-12-22","5.0","5.62","5.0","2.29","11300"
"FRBK","1995-12-26","5.5","5.5","5.5","2.29","0"
"FRBK","1995-12-27","5.5","5.5","5.5","2.29","1800"
"FRBK","1995-12-28","5.37","5.5","5.37","2.29","2000"
"FRBK","1995-12-29","5.25","5.25","5.0","2.19","10300"
"FRBK","1996-01-02","5.0","5.0","4.5","1.98","31400"
"FRBK","1996-01-03","4.75","4.75","4.75","1.98","0"
"FRBK","1996-01-04","5.37","5.37","5.37","2.24","1800"
"FRBK","1996-01-05","5.37","5.37","5.37","2.24","10300"
"FRBK","1996-01-08","5.37","5.37","5.37","2.24","0"
"FRBK","1996-01-09","5.37","5.37","5.37","2.24","0"
"FRBK","1996-01-10","5.37","5.37","5.37","2.24","0"
"FRBK","1996-01-11","5.37","5.37","5.37","2.24","0"
"FRBK","1996-01-12","5.37","5.37","5.37","2.24","0"
"FRBK","1996-01-15","5.37","5.37","5.37","2.24","2600"
"FRBK","1996-01-16","5.37","5.37","5.37","2.24","0"
"FRBK","1996-01-17","6.0","6.0","6.0","2.5","200"
"FRBK","1996-01-18","6.0","6.0","6.0","2.5","0"
"FRBK","1996-01-19","6.0","6.0","6.0","2.5","0"
"FRBK","1996-01-22","6.0","6.0","6.0","2.5","0"
"FRBK","1996-01-23","6.0","6.0","6.0","2.5","0"
"FRBK","1996-01-24","6.0","6.0","6.0","2.5","0"
"FRBK","1996-01-25","4.88","4.88","4.88","2.03","2900"
"FRBK","1996-01-26","4.88","5.37","4.88","2.21","14900"
"FRBK","1996-01-29","5.31","5.31","5.31","2.21","0"
"FRBK","1996-01-30","5.31","5.31","5.31","2.21","0"
"FRBK","1996-01-31","5.31","5.31","5.31","2.21","0"
"FRBK","1996-02-01","5.5","5.75","5.5","2.4","12900"
"FRBK","1996-02-02","5.75","5.78","5.62","2.4","38800"
"FRBK","1996-02-05","5.75","5.75","5.75","2.4","0"
"FRBK","1996-02-06","6.5","6.5","6.5","2.71","400"
"FRBK","1996-02-07","6.5","6.5","6.5","2.71","0"
"FRBK","1996-02-08","6.5","6.5","6.5","2.71","0"
"FRBK","1996-02-09","6.5","6.5","6.5","2.71","0"
"FRBK","1996-02-12","5.5","5.78","5.5","2.41","20300"
"FRBK","1996-02-13","5.62","5.78","5.62","2.41","3900"
"FRBK","1996-02-14","5.78","5.78","5.78","2.41","0"
"FRBK","1996-02-15","5.78","5.78","5.78","2.41","0"
"FRBK","1996-02-16","5.78","5.78","5.78","2.41","0"
"FRBK","1996-02-20","5.87","5.87","5.62","2.34","20900"
"FRBK","1996-02-21","5.75","5.75","5.75","2.4","9700"
"FRBK","1996-02-22","6.03","6.03","5.75","2.5","50200"
"FRBK","1996-02-23","6.0","6.0","6.0","2.5","0"
"FRBK","1996-02-26","6.0","6.0","6.0","2.5","0"
"FRBK","1996-02-27","6.0","6.0","6.0","2.5","0"
"FRBK","1996-02-28","5.75","5.75","5.75","2.4","1800"
"FRBK","1996-02-29","5.75","5.75","5.75","2.4","0"
"FRBK","1996-03-01","5.75","5.87","5.5","2.29","102400"
"FRBK","1996-03-04","5.5","5.5","5.5","2.29","0"
"FRBK","1996-03-05","5.5","5.5","5.5","2.29","0"
"FRBK","1996-03-06","5.25","5.5","5.25","2.29","200"
"FRBK","1996-03-07","5.5","5.5","5.5","2.29","0"
"FRBK","1996-03-08","5.5","5.5","5.5","2.29","0"
"FRBK","1996-03-11","5.5","5.5","5.5","2.29","0"
"FRBK","1996-03-12","5.62","5.62","5.62","2.34","2600"
"FRBK","1996-03-13","5.87","6.06","5.87","2.5","30900"
"FRBK","1996-03-14","6.12","6.12","6.0","2.5","4600"
"FRBK","1996-03-15","5.75","5.75","5.75","2.4","300"
"FRBK","1996-03-18","6.12","6.12","6.12","2.55","4500"
"FRBK","1996-03-19","6.12","6.12","6.12","2.55","0"
"FRBK","1996-03-20","6.12","6.12","6.12","2.55","0"
"FRBK","1996-03-21","6.12","6.12","6.12","2.55","0"
"FRBK","1996-03-22","5.75","6.25","5.75","2.61","1800"
"FRBK","1996-03-25","6.25","6.25","6.25","2.61","0"
"FRBK","1996-03-26","6.25","6.25","6.25","2.61","0"
"FRBK","1996-03-27","6.25","6.25","6.25","2.61","0"
"FRBK","1996-03-28","6.25","6.25","6.25","2.61","0"
"FRBK","1996-03-29","5.75","6.25","5.75","2.61","800"
"FRBK","1996-04-01","6.0","6.25","6.0","2.61","1600"
"FRBK","1996-04-02","6.25","6.25","6.25","2.61","0"
"FRBK","1996-04-03","6.0","6.0","6.0","2.5","700"
"FRBK","1996-04-04","6.25","6.25","6.0","2.5","12400"
"FRBK","1996-04-08","6.0","6.0","6.0","2.5","0"
"FRBK","1996-04-09","6.0","6.0","6.0","2.5","0"
"FRBK","1996-04-10","5.62","5.75","5.62","2.4","3900"
"FRBK","1996-04-11","6.0","6.0","6.0","2.5","10500"
"FRBK","1996-04-12","6.25","6.25","6.0","2.55","10600"
"FRBK","1996-04-15","6.25","6.25","6.0","2.61","37100"
"FRBK","1996-04-16","6.25","6.62","6.25","2.74","29700"
"FRBK","1996-04-17","6.5","7.0","6.5","2.92","10800"
"FRBK","1996-04-18","6.5","6.5","6.5","2.71","1600"
"FRBK","1996-04-19","6.5","6.5","6.5","2.71","0"
"FRBK","1996-04-22","6.5","6.56","6.5","2.71","8800"
"FRBK","1996-04-23","6.5","6.5","6.5","2.71","0"
"FRBK","1996-04-24","7.12","7.12","7.12","2.97","1900"
"FRBK","1996-04-25","7.12","7.12","7.12","2.97","0"
"FRBK","1996-04-26","7.25","7.25","6.5","2.71","300"
"FRBK","1996-04-29","6.5","6.5","6.5","2.71","0"
"FRBK","1996-04-30","6.5","6.5","6.5","2.71","0"
"FRBK","1996-05-01","6.5","6.5","6.5","2.71","0"
"FRBK","1996-05-02","7.12","7.12","7.12","2.97","3300"
"FRBK","1996-05-03","7.0","7.0","6.91","2.92","6100"
"FRBK","1996-05-06","6.81","7.0","6.81","2.92","14900"
"FRBK","1996-05-07","7.37","7.37","7.37","3.07","3900"
"FRBK","1996-05-08","7.0","7.0","7.0","2.92","300"
"FRBK","1996-05-09","7.0","7.0","7.0","2.92","0"
"FRBK","1996-05-10","7.37","7.37","7.25","3.07","5200"
"FRBK","1996-05-13","7.37","7.37","6.75","2.81","55200"
"FRBK","1996-05-14","6.75","6.75","6.75","2.81","0"
"FRBK","1996-05-15","6.87","6.87","6.87","2.87","12400"
"FRBK","1996-05-16","6.87","6.87","6.87","2.87","0"
"FRBK","1996-05-17","6.87","6.87","6.87","2.87","0"
"FRBK","1996-05-20","7.0","7.0","7.0","2.92","4400"
"FRBK","1996-05-21","6.87","7.0","6.87","2.92","13500"
"FRBK","1996-05-22","7.0","7.0","7.0","2.92","0"
"FRBK","1996-05-23","6.87","6.87","6.87","2.87","3900"
"FRBK","1996-05-24","7.0","7.0","6.87","2.87","10500"
"FRBK","1996-05-28","6.87","6.87","6.75","2.81","7300"
"FRBK","1996-05-29","6.75","6.75","6.75","2.81","0"
"FRBK","1996-05-30","6.87","6.87","6.87","2.87","700"
"FRBK","1996-05-31","6.87","6.87","6.87","2.87","0"
"FRBK","1996-06-03","6.87","6.87","6.87","2.87","0"
"FRBK","1996-06-04","6.62","6.62","6.62","2.76","2900"
"FRBK","1996-06-05","6.62","6.62","6.62","2.76","0"
"FRBK","1996-06-06","6.62","6.75","6.62","2.81","13500"
"FRBK","1996-06-07","6.75","6.75","6.75","2.81","300"
"FRBK","1996-06-10","6.62","6.75","6.62","2.81","22100"
"FRBK","1996-06-11","6.75","6.75","6.75","2.81","0"
"FRBK","1996-06-12","6.62","6.62","6.5","2.71","8100"
"FRBK","1996-06-13","6.5","6.5","6.37","2.66","26700"
"FRBK","1996-06-14","6.75","7.0","6.37","2.66","12400"
"FRBK","1996-06-17","6.37","6.37","6.37","2.66","0"
"FRBK","1996-06-18","6.37","6.37","6.37","2.66","0"
"FRBK","1996-06-19","7.0","7.0","7.0","2.92","1800"
"FRBK","1996-06-20","6.37","6.5","6.37","2.66","39400"
"FRBK","1996-06-21","6.37","6.42","6.37","2.68","16600"
"FRBK","1996-06-24","6.5","6.5","6.0","2.61","24900"
"FRBK","1996-06-25","6.75","6.75","6.0","2.52","21400"
"FRBK","1996-06-26","6.25","6.25","6.25","2.61","3900"
"FRBK","1996-06-27","6.0","6.0","5.87","2.45","1800"
"FRBK","1996-06-28","5.87","5.87","5.87","2.45","0"
"FRBK","1996-07-01","5.87","5.87","5.87","2.45","0"
"FRBK","1996-07-02","6.25","6.25","6.25","2.61","3900"
"FRBK","1996-07-03","6.25","6.25","6.25","2.61","0"
"FRBK","1996-07-05","6.25","6.25","6.25","2.61","0"
"FRBK","1996-07-08","6.25","6.25","6.25","2.61","0"
"FRBK","1996-07-09","6.0","6.0","6.0","2.5","4200"
"FRBK","1996-07-10","6.37","6.37","6.37","2.66","300"
"FRBK","1996-07-11","6.37","6.37","6.37","2.66","0"
"FRBK","1996-07-12","5.87","5.87","5.87","2.45","100"
"FRBK","1996-07-15","5.87","5.87","5.59","2.33","14600"
"FRBK","1996-07-16","5.62","5.75","5.62","2.4","4600"
"FRBK","1996-07-17","5.75","5.75","5.75","2.4","0"
"FRBK","1996-07-18","5.75","5.75","5.75","2.4","0"
"FRBK","1996-07-19","5.62","5.62","5.62","2.34","1800"
"FRBK","1996-07-22","6.37","6.37","6.37","2.66","200"
"FRBK","1996-07-23","5.62","5.62","5.62","2.34","300"
"FRBK","1996-07-24","5.62","5.62","5.62","2.34","0"
"FRBK","1996-07-25","5.62","6.37","5.62","2.66","13300"
"FRBK","1996-07-26","6.37","6.37","6.37","2.66","0"
"FRBK","1996-07-29","6.12","6.12","6.12","2.55","16600"
"FRBK","1996-07-30","6.5","6.5","6.25","2.61","2400"
"FRBK","1996-07-31","6.25","6.25","6.25","2.61","22900"
"FRBK","1996-08-01","6.75","6.75","6.75","2.81","1800"
"FRBK","1996-08-02","6.12","6.37","6.12","2.66","18900"
"FRBK","1996-08-05","6.12","6.37","6.12","2.66","8100"
"FRBK","1996-08-06","6.37","6.37","6.37","2.66","0"
"FRBK","1996-08-07","6.5","6.62","6.5","2.76","6100"
"FRBK","1996-08-08","6.5","6.75","6.5","2.76","16700"
"FRBK","1996-08-09","6.62","6.62","6.62","2.76","0"
"FRBK","1996-08-12","6.52","6.52","6.52","2.72","1800"
"FRBK","1996-08-13","6.5","6.5","6.5","2.71","400"
"FRBK","1996-08-14","6.62","6.62","6.62","2.76","1800"
"FRBK","1996-08-15","6.69","6.69","6.5","2.71","4500"
"FRBK","1996-08-16","6.5","6.5","6.5","2.71","0"
"FRBK","1996-08-19","6.5","6.62","6.5","2.71","31900"
"FRBK","1996-08-20","6.5","6.62","6.5","2.71","25700"
"FRBK","1996-08-21","6.62","6.62","6.62","2.76","16600"
"FRBK","1996-08-22","6.5","6.75","6.5","2.71","19600"
"FRBK","1996-08-23","6.5","6.62","6.5","2.71","19600"
"FRBK","1996-08-26","6.5","6.5","6.5","2.71","3600"
"FRBK","1996-08-27","6.5","6.5","6.5","2.71","0"
"FRBK","1996-08-28","6.5","6.62","6.5","2.76","6100"
"FRBK","1996-08-29","6.62","6.62","6.62","2.76","0"
"FRBK","1996-08-30","6.5","6.5","6.5","2.71","700"
"FRBK","1996-09-03","6.5","6.5","6.5","2.71","0"
"FRBK","1996-09-04","6.5","6.5","6.5","2.71","800"
"FRBK","1996-09-05","6.5","6.5","6.5","2.71","2600"
"FRBK","1996-09-06","6.5","6.5","6.5","2.71","0"
"FRBK","1996-09-09","6.75","6.75","6.7","2.79","3900"
"FRBK","1996-09-10","6.5","6.62","6.5","2.76","3600"
"FRBK","1996-09-11","6.75","6.75","6.75","2.81","200"
"FRBK","1996-09-12","6.75","6.87","6.75","2.81","12500"
"FRBK","1996-09-13","7.0","7.0","6.81","2.92","8100"
"FRBK","1996-09-16","7.25","7.25","7.2","3.0","5500"
"FRBK","1996-09-17","6.87","7.25","6.87","2.92","22000"
"FRBK","1996-09-18","6.75","6.75","6.75","2.81","1800"
"FRBK","1996-09-19","7.25","7.25","7.2","3.0","3900"
"FRBK","1996-09-20","7.2","7.2","7.2","3.0","0"
"FRBK","1996-09-23","7.2","7.2","7.2","3.0","0"
"FRBK","1996-09-24","7.2","7.2","7.2","3.0","0"
"FRBK","1996-09-25","6.75","7.37","6.75","3.0","91700"
"FRBK","1996-09-26","7.37","7.62","7.19","3.02","77200"
"FRBK","1996-09-27","7.5","8.37","7.44","3.41","64300"
"FRBK","1996-09-30","8.37","8.37","8.25","3.49","25500"
"FRBK","1996-10-01","8.12","8.25","7.87","3.36","66100"
"FRBK","1996-10-02","8.25","8.25","8.25","3.44","3600"
"FRBK","1996-10-03","8.25","8.25","8.12","3.44","14600"
"FRBK","1996-10-04","8.0","8.5","8.0","3.39","38800"
"FRBK","1996-10-07","8.5","8.5","8.12","3.39","43300"
"FRBK","1996-10-08","8.37","8.5","8.37","3.54","20900"
"FRBK","1996-10-09","8.5","8.5","8.12","3.39","29800"
"FRBK","1996-10-10","8.12","8.12","8.12","3.39","3900"
"FRBK","1996-10-11","8.12","8.12","7.75","3.23","33600"
"FRBK","1996-10-14","7.75","8.0","7.75","3.28","31400"
"FRBK","1996-10-15","7.75","8.12","7.75","3.26","27100"
"FRBK","1996-10-16","8.0","8.0","8.0","3.33","300"
"FRBK","1996-10-17","7.75","7.81","7.5","3.15","26100"
"FRBK","1996-10-18","7.5","7.87","7.5","3.23","9200"
"FRBK","1996-10-21","7.75","8.0","7.62","3.28","8900"
"FRBK","1996-10-22","8.0","8.12","7.75","3.26","29800"
"FRBK","1996-10-23","7.75","7.81","7.62","3.23","43100"
"FRBK","1996-10-24","7.5","7.5","7.5","3.13","800"
"FRBK","1996-10-25","7.75","7.75","7.62","3.23","14000"
"FRBK","1996-10-28","7.5","7.5","7.5","3.13","6100"
"FRBK","1996-10-29","7.5","7.75","7.5","3.23","32600"
"FRBK","1996-10-30","7.75","7.75","7.75","3.23","0"
"FRBK","1996-10-31","7.87","7.87","7.5","3.13","22900"
"FRBK","1996-11-01","7.5","7.87","7.5","3.28","12600"
"FRBK","1996-11-04","7.87","7.87","7.5","3.13","10600"
"FRBK","1996-11-05","7.78","7.78","7.5","3.18","19600"
"FRBK","1996-11-06","7.75","7.75","7.5","3.13","7200"
"FRBK","1996-11-07","7.75","7.75","7.75","3.23","2900"
"FRBK","1996-11-08","7.75","8.0","7.56","3.33","48900"
"FRBK","1996-11-11","8.0","8.0","8.0","3.33","100"
"FRBK","1996-11-12","7.75","7.75","7.75","3.23","2400"
"FRBK","1996-11-13","7.87","8.0","7.87","3.33","3400"
"FRBK","1996-11-14","7.5","7.75","7.5","3.23","2000"
"FRBK","1996-11-15","7.87","7.87","7.5","3.15","93200"
"FRBK","1996-11-18","7.56","7.56","7.56","3.15","0"
"FRBK","1996-11-19","7.94","8.0","7.91","3.31","13500"
"FRBK","1996-11-20","8.0","8.0","8.0","3.33","18900"
"FRBK","1996-11-21","8.25","8.25","8.0","3.33","23900"
"FRBK","1996-11-22","8.12","8.12","7.62","3.31","24500"
"FRBK","1996-11-25","8.12","8.12","7.75","3.33","42300"
"FRBK","1996-11-26","7.87","8.12","7.87","3.39","16600"
"FRBK","1996-11-27","7.87","8.12","7.87","3.39","6100"
"FRBK","1996-11-29","7.87","8.12","7.87","3.39","2000"
"FRBK","1996-12-02","8.0","8.0","7.81","3.28","5500"
"FRBK","1996-12-03","8.0","8.25","7.89","3.44","76300"
"FRBK","1996-12-04","8.25","8.25","8.25","3.44","0"
"FRBK","1996-12-05","8.25","9.12","8.12","3.8","41200"
"FRBK","1996-12-06","9.0","9.44","8.75","3.91","59200"
"FRBK","1996-12-09","9.62","10.37","9.25","4.32","69600"
"FRBK","1996-12-10","10.37","10.37","9.87","4.32","9700"
"FRBK","1996-12-11","10.37","10.37","9.87","4.17","60800"
"FRBK","1996-12-12","9.87","10.37","9.87","4.17","52000"
"FRBK","1996-12-13","9.75","10.25","9.75","4.27","10300"
"FRBK","1996-12-16","10.25","10.25","9.75","4.22","9900"
"FRBK","1996-12-17","9.87","10.19","9.87","4.25","36700"
"FRBK","1996-12-18","10.25","10.62","10.12","4.27","95900"
"FRBK","1996-12-19","10.0","10.37","10.0","4.27","32600"
"FRBK","1996-12-20","10.0","10.5","10.0","4.27","6300"
"FRBK","1996-12-23","10.37","10.5","10.37","4.38","40000"
"FRBK","1996-12-24","10.37","10.5","10.37","4.38","12400"
"FRBK","1996-12-26","10.5","10.62","9.75","4.27","230700"
"FRBK","1996-12-27","10.25","10.25","10.25","4.27","3000"
"FRBK","1996-12-30","10.25","10.25","10.25","4.27","0"
"FRBK","1996-12-31","10.25","10.25","9.87","4.14","8900"
"FRBK","1997-01-02","9.87","10.0","9.87","4.17","30200"
"FRBK","1997-01-03","9.87","10.12","9.87","4.22","11500"
"FRBK","1997-01-06","9.87","9.87","9.87","4.12","400"
"FRBK","1997-01-07","9.87","9.87","9.87","4.12","0"
"FRBK","1997-01-08","9.87","10.12","9.87","4.22","8800"
"FRBK","1997-01-09","9.87","10.0","9.87","4.12","22900"
"FRBK","1997-01-10","10.0","10.0","10.0","4.17","3900"
"FRBK","1997-01-13","10.0","10.0","10.0","4.17","0"
"FRBK","1997-01-14","9.87","9.87","9.87","4.12","20900"
"FRBK","1997-01-15","10.0","10.0","9.94","4.14","8200"
"FRBK","1997-01-16","10.0","10.0","9.5","4.01","30600"
"FRBK","1997-01-17","9.5","9.5","9.5","3.96","100"
"FRBK","1997-01-20","9.5","9.5","9.5","3.96","13900"
"FRBK","1997-01-21","9.5","9.75","9.5","4.01","62200"
"FRBK","1997-01-22","9.5","9.5","9.37","3.91","65100"
"FRBK","1997-01-23","9.37","9.5","9.37","3.96","33500"
"FRBK","1997-01-24","9.87","9.87","9.37","3.96","3400"
"FRBK","1997-01-27","9.37","9.5","9.37","3.96","8100"
"FRBK","1997-01-28","9.37","9.5","9.37","3.96","8200"
"FRBK","1997-01-29","9.75","9.75","9.5","3.96","3900"
"FRBK","1997-01-30","9.37","9.37","9.37","3.91","700"
"FRBK","1997-01-31","9.37","10.0","9.37","4.06","52000"
"FRBK","1997-02-03","9.87","10.0","9.75","4.12","22900"
"FRBK","1997-02-04","10.0","10.0","9.87","4.17","31600"
"FRBK","1997-02-05","10.0","10.0","9.87","4.12","35300"
"FRBK","1997-02-06","10.0","10.12","9.87","4.17","75700"
"FRBK","1997-02-07","10.12","10.12","10.0","4.22","35800"
"FRBK","1997-02-10","10.12","10.12","10.0","4.22","17000"
"FRBK","1997-02-11","10.12","10.12","10.0","4.19","36300"
"FRBK","1997-02-12","10.0","10.12","9.62","4.06","46800"
"FRBK","1997-02-13","9.75","10.12","9.75","4.14","56500"
"FRBK","1997-02-14","10.12","10.37","10.0","4.17","16600"
"FRBK","1997-02-18","10.25","10.37","10.0","4.22","32800"
"FRBK","1997-02-19","10.12","10.37","10.0","4.22","18200"
"FRBK","1997-02-20","10.0","10.37","10.0","4.32","4500"
"FRBK","1997-02-21","10.37","10.87","10.25","4.53","45600"
"FRBK","1997-02-24","10.87","11.5","10.75","4.64","99500"
"FRBK","1997-02-25","11.25","11.75","11.25","4.69","79200"
"FRBK","1997-02-26","11.25","11.69","11.0","4.64","103000"
"FRBK","1997-02-27","11.37","11.37","11.25","4.74","17400"
"FRBK","1997-02-28","11.0","11.12","11.0","4.59","6200"
"FRBK","1997-03-03","11.0","11.12","10.75","4.48","26600"
"FRBK","1997-03-04","11.37","11.37","10.75","4.74","23500"
"FRBK","1997-03-05","11.37","11.37","11.0","4.61","38100"
"FRBK","1997-03-06","11.25","11.75","11.0","4.9","74000"
"FRBK","1997-03-07","11.62","11.62","11.12","4.79","129400"
"FRBK","1997-03-10","9.25","10.25","9.25","4.88","32800"
"FRBK","1997-03-11","10.0","10.0","9.25","4.63","42000"
"FRBK","1997-03-12","9.25","10.0","9.25","4.75","15500"
"FRBK","1997-03-13","9.5","9.75","9.25","4.69","44000"
"FRBK","1997-03-14","9.37","9.37","9.37","4.69","11300"
"FRBK","1997-03-17","9.25","9.37","9.25","4.63","2900"
"FRBK","1997-03-18","9.25","9.5","9.25","4.75","11500"
"FRBK","1997-03-19","9.5","9.5","9.37","4.75","2000"
"FRBK","1997-03-20","9.37","9.63","9.37","4.75","3700"
"FRBK","1997-03-21","9.5","9.5","9.5","4.75","0"
"FRBK","1997-03-24","9.37","9.37","9.37","4.69","1900"
"FRBK","1997-03-25","9.63","9.63","9.63","4.81","3300"
"FRBK","1997-03-26","9.37","9.5","9.37","4.75","71900"
"FRBK","1997-03-27","9.25","9.25","9.25","4.63","9700"
"FRBK","1997-03-31","9.0","9.25","9.0","4.63","30600"
"FRBK","1997-04-01","9.25","9.25","9.0","4.5","5500"
"FRBK","1997-04-02","9.25","9.25","9.0","4.5","6200"
"FRBK","1997-04-03","9.0","9.13","8.87","4.44","17700"
"FRBK","1997-04-04","9.13","9.13","8.75","4.44","3900"
"FRBK","1997-04-07","9.13","9.25","8.75","4.38","8600"
"FRBK","1997-04-08","9.13","9.13","8.75","4.44","5300"
"FRBK","1997-04-09","8.75","9.13","8.75","4.56","9400"
"FRBK","1997-04-10","9.0","9.25","9.0","4.63","41300"
"FRBK","1997-04-11","9.5","9.5","8.87","4.56","22100"
"FRBK","1997-04-14","9.5","9.5","9.25","4.63","9600"
"FRBK","1997-04-15","9.25","9.25","9.25","4.63","4200"
"FRBK","1997-04-16","9.13","9.25","9.0","4.63","41900"
"FRBK","1997-04-17","9.0","9.0","8.75","4.5","12300"
"FRBK","1997-04-18","8.75","9.13","8.75","4.5","5300"
"FRBK","1997-04-21","8.75","9.25","8.75","4.38","27100"
"FRBK","1997-04-22","8.87","9.13","8.5","4.41","152200"
"FRBK","1997-04-23","9.0","9.13","8.63","4.5","69700"
"FRBK","1997-04-24","8.87","8.87","8.5","4.38","98200"
"FRBK","1997-04-25","8.75","8.87","8.56","4.44","28400"
"FRBK","1997-04-28","9.0","9.0","8.63","4.44","21300"
"FRBK","1997-04-29","9.0","9.0","8.75","4.44","38900"
"FRBK","1997-04-30","8.87","9.13","8.87","4.44","18700"
"FRBK","1997-05-01","9.13","9.13","9.0","4.5","37900"
"FRBK","1997-05-02","9.25","9.37","9.0","4.6","80600"
"FRBK","1997-05-05","9.37","9.37","9.0","4.5","50800"
"FRBK","1997-05-06","9.0","9.0","9.0","4.5","100"
"FRBK","1997-05-07","9.0","9.13","8.87","4.5","25400"
"FRBK","1997-05-08","9.13","9.13","8.87","4.5","11500"
"FRBK","1997-05-09","9.0","9.0","9.0","4.5","7900"
"FRBK","1997-05-12","9.0","9.0","9.0","4.5","6000"
"FRBK","1997-05-13","9.25","9.25","9.0","4.5","6600"
"FRBK","1997-05-14","9.13","9.13","8.75","4.38","20000"
"FRBK","1997-05-15","8.75","9.13","8.75","4.38","2800"
"FRBK","1997-05-16","9.13","9.13","8.8","4.44","21800"
"FRBK","1997-05-19","9.0","9.0","8.75","4.38","12500"
"FRBK","1997-05-20","9.0","9.0","9.0","4.5","17600"
"FRBK","1997-05-21","8.75","8.87","8.75","4.38","22000"
"FRBK","1997-05-22","8.63","8.87","8.63","4.44","19500"
"FRBK","1997-05-23","9.0","9.0","8.63","4.31","6600"
"FRBK","1997-05-27","8.5","8.63","8.5","4.31","46500"
"FRBK","1997-05-28","8.75","8.87","8.75","4.44","4600"
"FRBK","1997-05-29","8.81","9.25","8.63","4.56","92600"
"FRBK","1997-05-30","8.87","9.19","8.87","4.6","11500"
"FRBK","1997-06-02","9.13","9.25","9.13","4.63","3600"
"FRBK","1997-06-03","9.13","9.25","9.13","4.63","26200"
"FRBK","1997-06-04","9.13","9.5","9.13","4.56","48100"
"FRBK","1997-06-05","9.37","9.37","9.37","4.69","600"
"FRBK","1997-06-06","9.13","9.37","9.13","4.69","3700"
"FRBK","1997-06-09","9.13","9.25","9.0","4.63","13300"
"FRBK","1997-06-10","9.13","9.25","9.0","4.63","59200"
"FRBK","1997-06-11","9.37","9.37","9.13","4.63","16500"
"FRBK","1997-06-12","9.5","10.13","9.25","4.88","72200"
"FRBK","1997-06-13","9.87","10.0","9.63","4.81","22600"
"FRBK","1997-06-16","10.13","10.13","9.87","4.94","1400"
"FRBK","1997-06-17","9.87","10.13","9.63","4.88","53500"
"FRBK","1997-06-18","10.13","10.37","9.75","5.06","26700"
"FRBK","1997-06-19","10.13","10.5","10.13","5.06","54800"
"FRBK","1997-06-20","10.13","10.37","10.13","5.06","10500"
"FRBK","1997-06-23","10.37","11.12","10.25","5.5","34200"
"FRBK","1997-06-24","11.0","11.5","10.75","5.5","19300"
"FRBK","1997-06-25","11.5","11.5","10.75","5.63","26100"
"FRBK","1997-06-26","10.75","12.0","10.75","5.75","62100"
"FRBK","1997-06-27","11.25","12.0","11.25","5.63","12900"
"FRBK","1997-06-30","11.25","11.75","11.25","5.63","14600"
"FRBK","1997-07-01","11.25","11.5","11.25","5.75","6000"
"FRBK","1997-07-02","11.62","11.62","11.25","5.63","3900"
"FRBK","1997-07-03","11.25","11.75","11.25","5.63","15700"
"FRBK","1997-07-07","11.25","11.25","11.12","5.63","8100"
"FRBK","1997-07-08","11.25","11.5","11.0","5.5","6300"
"FRBK","1997-07-09","11.0","11.0","10.75","5.38","27600"
"FRBK","1997-07-10","10.75","10.75","10.75","5.38","2800"
"FRBK","1997-07-11","10.75","11.25","10.75","5.5","6900"
"FRBK","1997-07-14","10.62","11.25","10.62","5.38","6000"
"FRBK","1997-07-15","10.75","11.25","10.75","5.44","5500"
"FRBK","1997-07-16","11.25","11.25","11.0","5.5","20300"
"FRBK","1997-07-17","11.25","11.25","11.25","5.63","2800"
"FRBK","1997-07-18","10.88","11.25","10.88","5.5","2600"
"FRBK","1997-07-21","10.88","11.0","10.88","5.5","3900"
"FRBK","1997-07-22","11.25","11.25","11.25","5.63","2400"
"FRBK","1997-07-23","11.25","11.25","11.0","5.53","3700"
"FRBK","1997-07-24","10.88","11.0","10.88","5.44","54500"
"FRBK","1997-07-25","11.12","11.25","10.88","5.5","40200"
"FRBK","1997-07-28","11.0","11.0","11.0","5.5","0"
"FRBK","1997-07-29","10.88","11.0","10.88","5.5","66900"
"FRBK","1997-07-30","11.06","11.06","11.06","5.53","600"
"FRBK","1997-07-31","11.12","11.25","11.0","5.5","21000"
"FRBK","1997-08-01","11.0","11.0","11.0","5.5","0"
"FRBK","1997-08-04","11.0","11.0","11.0","5.5","1600"
"FRBK","1997-08-05","11.0","11.0","11.0","5.5","700"
"FRBK","1997-08-06","11.0","11.0","11.0","5.5","1600"
"FRBK","1997-08-07","11.25","11.25","11.0","5.63","13400"
"FRBK","1997-08-08","11.0","11.5","11.0","5.5","30200"
"FRBK","1997-08-11","11.0","11.38","11.0","5.69","13400"
"FRBK","1997-08-12","11.0","11.12","11.0","5.56","18500"
"FRBK","1997-08-13","11.25","11.25","11.0","5.5","16500"
"FRBK","1997-08-14","11.0","11.0","11.0","5.5","0"
"FRBK","1997-08-15","11.12","11.62","11.12","5.63","3600"
"FRBK","1997-08-18","11.25","11.25","11.25","5.63","0"
"FRBK","1997-08-19","11.12","11.25","11.12","5.63","13300"
"FRBK","1997-08-20","11.19","11.75","11.12","5.56","9400"
"FRBK","1997-08-21","11.75","11.75","11.0","5.81","71600"
"FRBK","1997-08-22","10.88","11.06","10.88","5.5","3400"
"FRBK","1997-08-25","11.62","11.62","11.25","5.63","600"
"FRBK","1997-08-26","10.88","11.62","10.88","5.5","11300"
"FRBK","1997-08-27","11.0","11.0","11.0","5.5","0"
"FRBK","1997-08-28","11.0","11.0","11.0","5.5","100"
"FRBK","1997-08-29","11.0","11.0","11.0","5.5","0"
"FRBK","1997-09-02","11.0","11.0","11.0","5.5","0"
"FRBK","1997-09-03","11.0","11.0","11.0","5.5","0"
"FRBK","1997-09-04","11.75","11.75","10.88","5.44","7300"
"FRBK","1997-09-05","10.88","10.88","10.88","5.44","0"
"FRBK","1997-09-08","10.88","10.88","10.88","5.44","0"
"FRBK","1997-09-09","10.88","10.88","10.88","5.44","1800"
"FRBK","1997-09-10","10.88","11.0","10.88","5.5","5300"
"FRBK","1997-09-11","11.25","11.38","11.25","5.69","3300"
"FRBK","1997-09-12","10.88","11.38","10.88","5.69","700"
"FRBK","1997-09-15","10.88","11.25","10.88","5.5","3600"
"FRBK","1997-09-16","11.25","11.25","10.75","5.5","23800"
"FRBK","1997-09-17","11.0","11.0","11.0","5.5","6000"
"FRBK","1997-09-18","10.75","11.06","10.75","5.53","15700"
"FRBK","1997-09-19","11.0","11.75","11.0","5.75","31900"
"FRBK","1997-09-22","11.75","11.75","11.5","5.75","3000"
"FRBK","1997-09-23","11.75","11.75","11.56","5.88","27300"
"FRBK","1997-09-24","12.0","12.5","12.0","6.25","11300"
"FRBK","1997-09-25","12.5","12.5","12.5","6.25","0"
"FRBK","1997-09-26","12.0","12.5","12.0","6.0","7200"
"FRBK","1997-09-29","12.0","12.5","12.0","6.13","24700"
"FRBK","1997-09-30","12.0","12.38","12.0","6.06","10300"
"FRBK","1997-10-01","12.5","12.5","12.31","6.25","6200"
"FRBK","1997-10-02","12.5","12.5","12.38","6.22","7700"
"FRBK","1997-10-03","12.38","13.13","12.38","6.44","73100"
"FRBK","1997-10-06","12.88","12.88","12.75","6.44","10300"
"FRBK","1997-10-07","13.0","13.75","13.0","6.69","29400"
"FRBK","1997-10-08","13.5","13.5","13.25","6.63","10100"
"FRBK","1997-10-09","13.25","13.25","12.88","6.5","27000"
"FRBK","1997-10-10","13.25","13.25","12.62","6.31","6900"
"FRBK","1997-10-13","13.13","13.37","13.13","6.69","400"
"FRBK","1997-10-14","13.0","13.0","13.0","6.5","2000"
"FRBK","1997-10-15","13.25","13.25","13.25","6.63","200"
"FRBK","1997-10-16","12.62","12.75","12.62","6.38","11200"
"FRBK","1997-10-17","13.0","13.0","12.75","6.38","1700"
"FRBK","1997-10-20","12.75","13.0","12.75","6.5","29800"
"FRBK","1997-10-21","12.75","13.0","12.75","6.5","3900"
"FRBK","1997-10-22","12.62","12.62","12.62","6.31","600"
"FRBK","1997-10-23","12.62","12.69","12.38","6.25","27600"
"FRBK","1997-10-24","12.88","12.88","12.88","6.44","200"
"FRBK","1997-10-27","12.75","12.75","11.25","6.0","36900"
"FRBK","1997-10-28","11.25","12.0","11.25","6.0","11500"
"FRBK","1997-10-29","11.25","12.12","11.25","6.06","1600"
"FRBK","1997-10-30","11.38","11.69","11.38","5.69","11600"
"FRBK","1997-10-31","12.12","12.12","11.44","5.88","12300"
"FRBK","1997-11-03","11.38","11.38","11.38","5.69","200"
"FRBK","1997-11-04","11.5","12.38","11.5","5.94","7700"
"FRBK","1997-11-05","12.38","12.38","12.38","6.19","200"
"FRBK","1997-11-06","12.38","12.38","12.38","6.19","100"
"FRBK","1997-11-07","12.25","12.38","12.25","6.19","2400"
"FRBK","1997-11-10","12.5","12.5","12.12","6.19","6900"
"FRBK","1997-11-11","11.88","12.38","11.75","6.03","207700"
"FRBK","1997-11-12","12.0","12.06","11.75","5.88","55800"
"FRBK","1997-11-13","11.81","12.06","11.62","5.94","70900"
"FRBK","1997-11-14","12.06","12.06","11.69","5.85","86700"
"FRBK","1997-11-17","11.75","12.0","11.62","5.81","16200"
"FRBK","1997-11-18","11.75","12.0","11.75","5.88","62100"
"FRBK","1997-11-19","12.0","12.38","11.75","5.94","82000"
"FRBK","1997-11-20","12.0","12.75","12.0","6.16","170300"
"FRBK","1997-11-21","12.88","13.63","12.5","6.56","184300"
"FRBK","1997-11-24","13.0","13.5","12.75","6.38","178700"
"FRBK","1997-11-25","12.75","12.88","12.25","6.19","90800"
"FRBK","1997-11-26","12.75","13.25","12.62","6.44","63500"
"FRBK","1997-11-28","13.0","13.0","12.88","6.44","7700"
"FRBK","1997-12-01","13.0","13.5","12.88","6.56","27300"
"FRBK","1997-12-02","13.0","13.13","12.88","6.5","129400"
"FRBK","1997-12-03","13.13","13.13","12.88","6.5","32300"
"FRBK","1997-12-04","13.0","13.13","13.0","6.5","64300"
"FRBK","1997-12-05","13.0","13.0","12.75","6.44","26600"
"FRBK","1997-12-08","13.13","13.13","12.75","6.38","6800"
"FRBK","1997-12-09","13.0","13.0","12.75","6.44","30200"
"FRBK","1997-12-10","13.0","13.0","12.75","6.44","24200"
"FRBK","1997-12-11","12.88","13.0","12.62","6.38","90700"
"FRBK","1997-12-12","13.0","13.13","12.75","6.56","29200"
"FRBK","1997-12-15","13.0","13.13","13.0","6.56","440600"
"FRBK","1997-12-16","13.13","13.13","13.0","6.5","53500"
"FRBK","1997-12-17","13.0","13.25","13.0","6.56","51100"
"FRBK","1997-12-18","13.13","13.25","13.0","6.56","24500"
"FRBK","1997-12-19","13.13","13.13","12.88","6.5","16500"
"FRBK","1997-12-22","13.13","13.13","13.0","6.56","2800"
"FRBK","1997-12-23","13.13","13.13","12.75","6.41","26200"
"FRBK","1997-12-24","13.06","13.06","12.75","6.53","17000"
"FRBK","1997-12-26","13.0","13.25","12.88","6.63","24900"
"FRBK","1997-12-29","13.25","13.25","13.13","6.63","23900"
"FRBK","1997-12-30","13.13","13.25","13.0","6.63","83200"
"FRBK","1997-12-31","13.0","13.13","13.0","6.56","10300"
"FRBK","1998-01-02","13.13","13.13","12.75","6.5","54700"
"FRBK","1998-01-05","13.13","13.13","12.5","6.5","32700"
"FRBK","1998-01-06","13.0","13.31","12.75","6.66","143600"
"FRBK","1998-01-07","13.5","13.5","13.19","6.69","130700"
"FRBK","1998-01-08","13.25","14.0","13.25","6.75","26800"
"FRBK","1998-01-09","14.37","14.37","12.88","6.63","99700"
"FRBK","1998-01-12","12.75","13.25","12.75","6.5","60000"
"FRBK","1998-01-13","13.25","13.5","12.75","6.75","57500"
"FRBK","1998-01-14","13.5","13.5","13.0","6.69","12200"
"FRBK","1998-01-15","13.37","13.37","13.0","6.5","18200"
"FRBK","1998-01-16","13.25","13.25","13.0","6.63","12600"
"FRBK","1998-01-20","13.25","13.25","13.0","6.5","10600"
"FRBK","1998-01-21","13.25","13.25","12.88","6.5","22700"
"FRBK","1998-01-22","12.88","13.13","12.88","6.44","9000"
"FRBK","1998-01-23","13.0","13.0","12.5","6.38","68400"
"FRBK","1998-01-26","12.88","13.0","12.75","6.38","23300"
"FRBK","1998-01-27","13.0","13.0","12.62","6.31","24800"
"FRBK","1998-01-28","12.88","13.13","12.5","6.56","46500"
"FRBK","1998-01-29","13.25","13.75","13.0","6.88","69400"
"FRBK","1998-01-30","13.5","13.87","13.37","6.69","8600"
"FRBK","1998-02-02","13.5","13.5","13.37","6.69","5700"
"FRBK","1998-02-03","13.37","14.0","13.25","6.63","59600"
"FRBK","1998-02-04","13.63","14.13","13.37","7.07","45300"
"FRBK","1998-02-05","14.13","14.13","13.63","7.0","8800"
"FRBK","1998-02-06","14.0","14.13","13.63","7.0","15000"
"FRBK","1998-02-09","14.13","14.13","13.75","6.94","26600"
"FRBK","1998-02-10","14.25","14.25","13.87","7.0","24400"
"FRBK","1998-02-11","14.0","14.25","13.75","6.94","20600"
"FRBK","1998-02-12","13.75","14.13","13.75","7.07","99500"
"FRBK","1998-02-13","14.13","14.5","14.0","7.13","31000"
"FRBK","1998-02-17","14.37","14.63","14.0","7.32","54600"
"FRBK","1998-02-18","14.5","15.5","14.5","7.5","68000"
"FRBK","1998-02-19","15.0","15.38","14.87","7.44","85100"
"FRBK","1998-02-20","15.5","15.5","14.87","7.5","99200"
"FRBK","1998-02-23","15.13","15.88","14.87","7.88","113700"
"FRBK","1998-02-24","15.5","16.12","15.5","8.0","86900"
"FRBK","1998-02-25","15.88","16.25","15.75","8.0","26600"
"FRBK","1998-02-26","13.75","14.13","13.0","8.33","52800"
"FRBK","1998-02-27","14.0","14.0","13.5","8.1","16700"
"FRBK","1998-03-02","13.87","14.0","13.5","8.25","22000"
"FRBK","1998-03-03","13.75","13.75","13.5","8.25","11000"
"FRBK","1998-03-04","13.75","13.87","13.5","8.33","7900"
"FRBK","1998-03-05","13.5","13.87","13.5","8.33","14800"
"FRBK","1998-03-06","13.87","14.25","13.87","8.4","22100"
"FRBK","1998-03-09","14.0","14.0","13.75","8.4","13600"
"FRBK","1998-03-10","14.0","14.0","13.75","8.4","30600"
"FRBK","1998-03-11","14.0","14.0","13.87","8.33","3000"
"FRBK","1998-03-12","13.87","14.0","13.75","8.25","12200"
"FRBK","1998-03-13","14.0","14.0","13.75","8.25","1600"
"FRBK","1998-03-16","13.94","13.94","13.5","8.33","22500"
"FRBK","1998-03-17","13.75","13.87","13.63","8.18","5800"
"FRBK","1998-03-18","13.63","13.87","13.63","8.18","6300"
"FRBK","1998-03-19","13.5","13.5","13.37","8.03","7700"
"FRBK","1998-03-20","13.12","13.5","13.12","8.1","8400"
"FRBK","1998-03-23","13.5","13.5","13.12","7.95","12300"
"FRBK","1998-03-24","13.25","13.37","13.12","7.95","49900"
"FRBK","1998-03-25","13.5","13.5","13.37","8.1","12900"
"FRBK","1998-03-26","13.5","13.5","13.0","7.8","23300"
"FRBK","1998-03-27","13.25","13.25","13.0","7.95","8900"
"FRBK","1998-03-30","13.25","13.25","12.75","7.73","38900"
"FRBK","1998-03-31","12.88","13.0","12.75","7.69","50400"
"FRBK","1998-04-01","12.81","13.0","12.81","7.73","32800"
"FRBK","1998-04-02","13.0","13.0","12.81","7.73","20900"
"FRBK","1998-04-03","12.88","12.88","12.81","7.69","800"
"FRBK","1998-04-06","12.81","13.0","12.5","7.69","69800"
"FRBK","1998-04-07","12.62","13.0","12.62","7.73","125900"
"FRBK","1998-04-08","12.81","13.0","12.75","7.73","88500"
"FRBK","1998-04-09","13.0","13.12","12.75","7.73","50200"
"FRBK","1998-04-13","13.06","13.25","12.81","7.95","11000"
"FRBK","1998-04-14","13.25","13.25","12.94","7.8","66600"
"FRBK","1998-04-15","13.19","13.19","12.88","7.77","22600"
"FRBK","1998-04-16","13.0","13.0","12.88","7.73","6800"
"FRBK","1998-04-17","13.12","13.12","12.88","7.77","3400"
"FRBK","1998-04-20","12.88","13.12","12.88","7.88","14800"
"FRBK","1998-04-21","13.0","13.12","12.88","7.73","21000"
"FRBK","1998-04-22","12.94","13.37","12.88","7.8","13300"
"FRBK","1998-04-23","13.37","13.37","12.88","7.88","9400"
"FRBK","1998-04-24","13.0","13.12","12.88","7.73","5300"
"FRBK","1998-04-27","12.88","12.88","12.37","7.47","32800"
"FRBK","1998-04-28","12.81","12.94","12.13","7.43","66200"
"FRBK","1998-04-29","12.5","12.5","12.13","7.28","66700"
"FRBK","1998-04-30","12.37","12.5","12.25","7.35","7700"
"FRBK","1998-05-01","12.5","12.62","12.25","7.58","26100"
"FRBK","1998-05-04","12.5","12.81","12.5","7.69","6200"
"FRBK","1998-05-05","12.75","12.88","12.25","7.35","55900"
"FRBK","1998-05-06","12.62","12.62","12.5","7.58","3400"
"FRBK","1998-05-07","12.75","12.75","12.25","7.43","18200"
"FRBK","1998-05-08","12.56","12.56","12.44","7.54","17200"
"FRBK","1998-05-11","12.25","12.44","12.25","7.47","9600"
"FRBK","1998-05-12","12.5","12.5","12.25","7.5","3900"
"FRBK","1998-05-13","12.25","12.37","12.25","7.35","6800"
"FRBK","1998-05-14","12.25","12.25","12.13","7.32","23400"
"FRBK","1998-05-15","12.13","12.13","12.0","7.28","17600"
"FRBK","1998-05-18","12.25","12.25","11.87","7.13","4800"
"FRBK","1998-05-19","12.13","12.13","11.75","7.13","23100"
"FRBK","1998-05-20","12.13","12.13","11.62","6.98","17800"
"FRBK","1998-05-21","12.13","12.13","11.75","7.09","28600"
"FRBK","1998-05-22","11.75","11.87","11.5","7.13","17000"
"FRBK","1998-05-26","11.75","11.75","11.12","6.68","40500"
"FRBK","1998-05-27","11.0","11.0","10.75","6.6","58000"
"FRBK","1998-05-28","10.87","11.38","10.87","6.83","12900"
"FRBK","1998-05-29","11.38","11.5","11.12","6.68","15700"
"FRBK","1998-06-01","11.38","11.75","11.38","6.9","31400"
"FRBK","1998-06-02","11.75","11.87","11.75","7.13","10600"
"FRBK","1998-06-03","11.62","11.87","11.62","7.05","14000"
"FRBK","1998-06-04","11.75","12.0","11.62","7.05","33900"
"FRBK","1998-06-05","12.0","12.0","11.62","7.05","13500"
"FRBK","1998-06-08","12.0","12.08","11.75","7.25","62200"
"FRBK","1998-06-09","12.25","12.56","12.0","7.35","32600"
"FRBK","1998-06-10","12.25","12.44","12.0","7.28","15000"
"FRBK","1998-06-11","12.0","12.25","12.0","7.2","14100"
"FRBK","1998-06-12","12.13","12.13","11.75","7.28","6000"
"FRBK","1998-06-15","11.75","11.75","11.5","6.9","9200"
"FRBK","1998-06-16","11.38","11.38","11.0","6.68","27100"
"FRBK","1998-06-17","11.5","11.75","11.5","6.9","9600"
"FRBK","1998-06-18","11.5","11.5","11.25","6.75","2200"
"FRBK","1998-06-19","11.19","11.38","10.81","6.83","28300"
"FRBK","1998-06-22","11.12","11.5","11.0","6.6","12900"
"FRBK","1998-06-23","10.75","10.81","10.37","6.23","18500"
"FRBK","1998-06-24","10.63","11.0","10.5","6.38","12900"
"FRBK","1998-06-25","10.87","10.87","10.5","6.3","15500"
"FRBK","1998-06-26","11.0","11.12","10.5","6.45","11100"
"FRBK","1998-06-29","11.0","11.0","10.5","6.38","12600"
"FRBK","1998-06-30","10.75","11.0","10.5","6.3","7300"
"FRBK","1998-07-01","10.5","10.5","10.5","6.3","400"
"FRBK","1998-07-02","10.5","10.75","10.5","6.45","22000"
"FRBK","1998-07-06","10.75","10.75","10.5","6.38","18200"
"FRBK","1998-07-07","10.87","11.31","10.87","6.79","7700"
"FRBK","1998-07-08","11.12","11.12","11.0","6.6","12500"
"FRBK","1998-07-09","11.25","11.25","10.75","6.53","9000"
"FRBK","1998-07-10","11.0","11.0","10.75","6.45","3700"
"FRBK","1998-07-13","10.75","11.0","10.75","6.6","4600"
"FRBK","1998-07-14","10.75","10.75","10.63","6.38","15500"
"FRBK","1998-07-15","10.87","10.87","10.5","6.38","37200"
"FRBK","1998-07-16","10.5","10.5","10.0","6.0","63000"
"FRBK","1998-07-17","10.0","10.37","10.0","6.15","40300"
"FRBK","1998-07-20","10.12","10.25","9.75","6.0","37900"
"FRBK","1998-07-21","9.88","10.0","9.75","5.93","53600"
"FRBK","1998-07-22","9.75","9.75","9.25","5.55","181000"
"FRBK","1998-07-23","9.75","9.75","9.25","5.55","40500"
"FRBK","1998-07-24","9.5","9.56","9.25","5.7","54500"
"FRBK","1998-07-27","9.5","9.5","9.31","5.59","24300"
"FRBK","1998-07-28","9.31","9.5","9.31","5.7","47900"
"FRBK","1998-07-29","9.5","10.63","9.5","6.3","64900"
"FRBK","1998-07-30","10.87","10.87","10.25","6.38","3600"
"FRBK","1998-07-31","10.98","10.98","10.5","6.3","1500"
"FRBK","1998-08-03","10.37","10.37","10.12","6.15","7400"
"FRBK","1998-08-04","10.12","10.12","9.88","5.93","19600"
"FRBK","1998-08-05","10.06","10.06","9.62","5.89","29300"
"FRBK","1998-08-06","9.94","10.0","9.75","5.85","22600"
"FRBK","1998-08-07","9.88","9.88","9.88","5.93","8600"
"FRBK","1998-08-10","10.0","10.0","10.0","6.0","1400"
"FRBK","1998-08-11","9.5","9.75","9.5","5.7","27600"
"FRBK","1998-08-12","9.75","10.0","9.62","6.0","26700"
"FRBK","1998-08-13","9.75","10.0","9.75","5.93","26200"
"FRBK","1998-08-14","10.12","10.12","10.0","6.08","14100"
"FRBK","1998-08-17","9.75","10.0","9.75","6.0","7400"
"FRBK","1998-08-18","10.12","10.19","10.12","6.08","39000"
"FRBK","1998-08-19","10.19","10.19","9.13","5.55","115100"
"FRBK","1998-08-20","9.13","9.5","8.75","5.4","115100"
"FRBK","1998-08-21","8.62","9.0","8.62","5.33","81200"
"FRBK","1998-08-24","9.25","10.56","9.13","5.85","144700"
"FRBK","1998-08-25","10.25","10.25","9.75","6.0","37600"
"FRBK","1998-08-26","9.75","10.12","9.62","5.78","20300"
"FRBK","1998-08-27","10.0","10.0","8.69","5.48","65500"
"FRBK","1998-08-28","8.75","9.5","8.75","5.4","79900"
"FRBK","1998-08-31","8.87","9.0","7.87","4.73","179400"
"FRBK","1998-09-01","8.62","9.25","8.5","5.4","29200"
"FRBK","1998-09-02","9.0","9.06","8.75","5.4","21200"
"FRBK","1998-09-03","8.62","9.0","8.62","5.33","6100"
"FRBK","1998-09-04","9.25","9.88","9.0","5.93","44300"
"FRBK","1998-09-08","9.75","9.88","9.62","5.85","36700"
"FRBK","1998-09-09","9.88","9.88","9.5","5.7","1700"
"FRBK","1998-09-10","9.62","9.62","9.5","5.7","8200"
"FRBK","1998-09-11","9.59","9.59","9.25","5.7","21300"
"FRBK","1998-09-14","9.25","9.56","9.25","5.74","600"
"FRBK","1998-09-15","9.25","9.5","8.87","5.33","32700"
"FRBK","1998-09-16","8.87","9.0","8.87","5.4","11800"
"FRBK","1998-09-17","8.87","9.0","8.75","5.25","13400"
"FRBK","1998-09-18","9.0","9.0","8.56","5.21","15000"
"FRBK","1998-09-21","8.62","9.0","8.62","5.4","36600"
"FRBK","1998-09-22","8.5","8.87","8.5","5.18","16300"
"FRBK","1998-09-23","8.5","8.5","8.38","5.03","3000"
"FRBK","1998-09-24","8.5","8.75","8.38","5.1","8600"
"FRBK","1998-09-25","8.75","8.75","8.5","5.25","28100"
"FRBK","1998-09-28","8.87","8.87","8.87","5.33","1900"
"FRBK","1998-09-29","9.13","9.75","8.75","5.85","55800"
"FRBK","1998-09-30","9.25","9.37","9.25","5.55","13600"
"FRBK","1998-10-01","9.25","9.37","9.25","5.63","20900"
"FRBK","1998-10-02","9.25","9.31","9.25","5.55","3400"
"FRBK","1998-10-05","9.31","9.44","9.0","5.48","97300"
"FRBK","1998-10-06","9.13","9.37","9.13","5.51","96100"
"FRBK","1998-10-07","9.25","9.37","9.25","5.59","36000"
"FRBK","1998-10-08","9.62","9.75","8.12","5.55","54000"
"FRBK","1998-10-09","9.25","9.25","9.0","5.4","10100"
"FRBK","1998-10-12","9.25","9.5","9.25","5.55","48800"
"FRBK","1998-10-13","9.25","9.75","9.0","5.4","17700"
"FRBK","1998-10-14","9.62","9.62","9.62","5.78","6600"
"FRBK","1998-10-15","9.62","9.75","9.62","5.85","12500"
"FRBK","1998-10-16","9.62","9.75","9.5","5.7","13800"
"FRBK","1998-10-19","9.5","9.5","9.5","5.7","3300"
"FRBK","1998-10-20","9.5","9.62","9.5","5.7","23800"
"FRBK","1998-10-21","9.5","9.62","9.37","5.78","25900"
"FRBK","1998-10-22","9.5","9.88","9.5","5.7","21200"
"FRBK","1998-10-23","9.5","9.75","9.5","5.78","12600"
"FRBK","1998-10-26","9.37","9.37","7.5","5.18","131300"
"FRBK","1998-10-27","8.75","9.0","8.62","5.25","33300"
"FRBK","1998-10-28","9.0","9.0","8.87","5.4","28700"
"FRBK","1998-10-29","9.0","9.75","9.0","5.85","107400"
"FRBK","1998-10-30","9.62","10.12","9.62","6.0","26800"
"FRBK","1998-11-02","9.75","10.25","9.75","6.08","58800"
"FRBK","1998-11-03","10.12","10.12","9.88","5.93","52000"
"FRBK","1998-11-04","10.0","10.37","9.94","6.0","40000"
"FRBK","1998-11-05","10.0","10.0","9.88","5.96","22900"
"FRBK","1998-11-06","10.25","10.5","10.0","6.23","12100"
"FRBK","1998-11-09","10.0","10.25","9.88","5.93","33900"
"FRBK","1998-11-10","10.0","10.0","9.88","6.0","77900"
"FRBK","1998-11-11","9.88","10.0","9.88","6.0","9200"
"FRBK","1998-11-12","9.94","9.94","9.75","5.89","42600"
"FRBK","1998-11-13","9.88","11.25","9.88","6.53","66000"
"FRBK","1998-11-16","10.94","11.0","10.63","6.45","38100"
"FRBK","1998-11-17","10.63","10.87","10.5","6.38","29900"
"FRBK","1998-11-18","10.75","10.75","10.25","6.45","25500"
"FRBK","1998-11-19","10.75","10.75","10.5","6.45","11300"
"FRBK","1998-11-20","10.5","10.5","10.5","6.3","10200"
"FRBK","1998-11-23","10.63","10.75","10.5","6.34","12600"
"FRBK","1998-11-24","10.56","10.69","10.5","6.3","29900"
"FRBK","1998-11-25","10.69","11.0","10.63","6.53","83900"
"FRBK","1998-11-27","10.87","11.0","10.75","6.45","27200"
"FRBK","1998-11-30","10.75","10.75","10.0","6.23","37700"
"FRBK","1998-12-01","10.12","10.19","10.0","6.0","9400"
"FRBK","1998-12-02","10.19","10.19","9.81","6.11","216500"
"FRBK","1998-12-03","9.88","10.12","9.88","6.08","18900"
"FRBK","1998-12-04","10.25","10.25","10.0","6.15","3000"
"FRBK","1998-12-07","10.25","10.25","9.56","6.0","9900"
"FRBK","1998-12-08","9.62","10.0","9.62","5.93","20000"
"FRBK","1998-12-09","9.62","10.12","9.62","6.08","2800"
"FRBK","1998-12-10","9.62","9.88","9.62","5.78","2200"
"FRBK","1998-12-11","9.88","9.88","9.37","5.85","6600"
"FRBK","1998-12-14","9.75","10.0","9.75","5.93","6900"
"FRBK","1998-12-15","9.81","9.88","9.81","5.89","28300"
"FRBK","1998-12-16","9.56","9.56","9.06","5.63","15200"
"FRBK","1998-12-17","9.5","9.5","9.25","5.55","16900"
"FRBK","1998-12-18","9.25","9.5","9.25","5.63","17900"
"FRBK","1998-12-21","9.5","9.5","9.5","5.7","5700"
"FRBK","1998-12-22","9.37","9.37","9.0","5.55","12600"
"FRBK","1998-12-23","9.5","9.5","9.13","5.55","16600"
"FRBK","1998-12-24","9.13","9.13","9.0","5.4","4000"
"FRBK","1998-12-28","9.13","9.13","9.0","5.4","15000"
"FRBK","1998-12-29","8.75","9.25","8.75","5.55","10300"
"FRBK","1998-12-30","9.0","9.25","9.0","5.4","13400"
"FRBK","1998-12-31","9.13","10.5","9.0","6.3","63000"
"FRBK","1999-01-04","10.5","10.5","9.62","5.93","281900"
"FRBK","1999-01-05","10.0","10.0","10.0","6.0","800"
"FRBK","1999-01-06","9.75","9.75","9.5","5.7","4000"
"FRBK","1999-01-07","9.5","9.62","9.5","5.78","3400"
"FRBK","1999-01-08","9.56","9.56","8.87","5.33","18700"
"FRBK","1999-01-11","8.87","9.37","8.87","5.55","3600"
"FRBK","1999-01-12","9.0","9.0","9.0","5.4","14800"
"FRBK","1999-01-13","8.87","9.0","8.75","5.4","13900"
"FRBK","1999-01-14","8.75","9.0","8.75","5.25","7900"
"FRBK","1999-01-15","8.75","8.87","8.75","5.25","15500"
"FRBK","1999-01-19","8.75","8.75","8.38","5.1","19300"
"FRBK","1999-01-20","8.5","8.75","8.44","5.1","40100"
"FRBK","1999-01-21","8.5","8.5","8.25","4.95","16000"
"FRBK","1999-01-22","8.25","8.38","8.19","4.91","47400"
"FRBK","1999-01-25","8.12","8.75","8.12","5.03","52200"
"FRBK","1999-01-26","8.38","8.62","8.38","5.06","38900"
"FRBK","1999-01-27","8.38","9.0","8.38","5.33","37200"
"FRBK","1999-01-28","9.0","10.0","9.0","6.0","89800"
"FRBK","1999-01-29","10.0","10.37","9.0","6.23","98700"
"FRBK","1999-02-01","10.37","10.37","10.0","6.0","64700"
"FRBK","1999-02-02","9.75","9.75","8.75","5.78","44900"
"FRBK","1999-02-03","9.0","9.5","9.0","5.55","9700"
"FRBK","1999-02-04","9.37","9.75","9.37","5.85","74200"
"FRBK","1999-02-05","9.81","9.81","9.37","5.63","25500"
"FRBK","1999-02-08","9.5","9.62","9.25","5.55","57600"
"FRBK","1999-02-09","9.25","9.25","9.0","5.4","45400"
"FRBK","1999-02-10","9.0","9.37","9.0","5.55","44000"
"FRBK","1999-02-11","9.0","9.37","9.0","5.4","18100"
"FRBK","1999-02-12","9.0","9.0","9.0","5.4","7200"
"FRBK","1999-02-16","9.13","10.0","8.87","6.0","162900"
"FRBK","1999-02-17","10.0","10.37","9.25","5.85","128200"
"FRBK","1999-02-18","10.0","10.37","10.0","6.0","67400"
"FRBK","1999-02-19","10.0","10.12","10.0","6.0","5800"
"FRBK","1999-02-22","10.0","10.31","9.75","6.19","24500"
"FRBK","1999-02-23","9.88","10.63","9.88","6.38","127000"
"FRBK","1999-02-24","10.56","10.63","9.62","6.0","47800"
"FRBK","1999-02-25","10.37","11.5","10.06","6.6","166700"
"FRBK","1999-02-26","11.25","12.12","11.25","7.59","242800"
"FRBK","1999-03-01","11.5","11.87","10.5","7.1","131800"
"FRBK","1999-03-02","10.75","11.0","10.12","6.68","68500"
"FRBK","1999-03-03","10.37","11.5","10.0","7.59","133900"
"FRBK","1999-03-04","11.0","12.0","10.62","7.59","116100"
"FRBK","1999-03-05","11.75","12.12","11.5","7.59","135900"
"FRBK","1999-03-08","11.75","12.75","11.62","7.76","102900"
"FRBK","1999-03-09","11.87","12.0","11.13","7.59","52000"
"FRBK","1999-03-10","11.5","11.94","11.13","7.88","146000"
"FRBK","1999-03-11","12.0","12.0","11.5","7.59","54500"
"FRBK","1999-03-12","12.0","12.25","11.44","7.72","85900"
"FRBK","1999-03-15","11.75","11.75","11.0","7.59","77200"
"FRBK","1999-03-16","11.5","11.75","10.75","7.43","93800"
"FRBK","1999-03-17","10.75","10.75","9.44","6.52","124400"
"FRBK","1999-03-18","9.87","10.0","9.25","6.44","84800"
"FRBK","1999-03-19","9.5","10.0","9.5","6.35","16900"
"FRBK","1999-03-22","9.75","9.87","9.25","6.11","32700"
"FRBK","1999-03-23","9.0","9.38","8.5","5.61","35800"
"FRBK","1999-03-24","8.62","8.69","8.5","5.69","18200"
"FRBK","1999-03-25","8.75","9.5","8.5","5.78","92600"
"FRBK","1999-03-26","9.0","9.25","8.75","6.11","57300"
"FRBK","1999-03-29","9.25","9.25","8.88","6.02","7400"
"FRBK","1999-03-30","8.88","9.25","8.88","5.94","15400"
"FRBK","1999-03-31","9.0","9.25","8.62","6.02","21300"
"FRBK","1999-04-01","8.88","9.0","8.88","5.86","28600"
"FRBK","1999-04-05","8.88","9.0","8.75","5.82","60900"
"FRBK","1999-04-06","8.75","8.75","8.5","5.69","18700"
"FRBK","1999-04-07","8.69","8.69","8.37","5.53","32800"
"FRBK","1999-04-08","8.62","8.62","8.12","5.41","47800"
"FRBK","1999-04-09","8.12","8.37","8.12","5.41","53600"
"FRBK","1999-04-12","8.5","8.5","8.12","5.41","20900"
"FRBK","1999-04-13","8.56","8.56","8.12","5.45","54800"
"FRBK","1999-04-14","8.19","8.88","8.12","5.86","64900"
"FRBK","1999-04-15","9.0","9.38","8.88","6.02","22700"
"FRBK","1999-04-16","9.13","9.13","8.37","5.78","33000"
"FRBK","1999-04-19","8.75","8.75","8.75","5.78","2000"
"FRBK","1999-04-20","8.5","8.62","8.5","5.61","11300"
"FRBK","1999-04-21","8.5","9.0","8.06","5.86","36800"
"FRBK","1999-04-22","9.0","9.0","8.5","5.61","42300"
"FRBK","1999-04-23","8.5","9.0","8.5","5.78","33900"
"FRBK","1999-04-26","8.5","9.0","8.25","5.78","31600"
"FRBK","1999-04-27","8.75","8.75","8.12","5.45","29200"
"FRBK","1999-04-28","8.5","8.88","8.5","5.61","68000"
"FRBK","1999-04-29","8.75","8.75","8.25","5.53","32100"
"FRBK","1999-04-30","8.37","8.62","8.25","5.53","2600"
"FRBK","1999-05-03","8.25","8.62","8.25","5.45","43500"
"FRBK","1999-05-04","8.25","8.25","8.0","5.32","20700"
"FRBK","1999-05-05","8.12","8.12","7.75","5.28","66000"
"FRBK","1999-05-06","7.87","7.87","7.69","5.12","60100"
"FRBK","1999-05-07","7.75","8.0","7.75","5.12","5500"
"FRBK","1999-05-10","8.0","8.0","7.56","4.99","30500"
"FRBK","1999-05-11","7.63","7.75","7.63","5.06","23400"
"FRBK","1999-05-12","7.63","8.0","7.63","5.28","11800"
"FRBK","1999-05-13","7.69","8.0","7.63","5.12","27200"
"FRBK","1999-05-14","7.75","7.87","7.69","5.12","7300"
"FRBK","1999-05-17","7.75","8.12","7.75","5.36","2600"
"FRBK","1999-05-18","8.09","8.12","7.5","5.12","11600"
"FRBK","1999-05-19","7.63","7.75","7.63","5.03","123900"
"FRBK","1999-05-20","7.75","7.75","7.5","5.12","15700"
"FRBK","1999-05-21","7.75","8.0","7.13","5.03","27200"
"FRBK","1999-05-24","7.87","8.0","7.75","5.16","39200"
"FRBK","1999-05-25","8.0","8.0","7.75","5.12","22200"
"FRBK","1999-05-26","7.75","8.0","7.38","5.28","23800"
"FRBK","1999-05-27","7.75","7.81","7.63","5.03","87300"
"FRBK","1999-05-28","7.5","7.75","7.5","5.03","21200"
"FRBK","1999-06-01","7.5","7.63","7.5","5.03","27500"
"FRBK","1999-06-02","7.5","7.5","7.13","4.91","48800"
"FRBK","1999-06-03","7.19","7.44","7.06","4.66","35600"
"FRBK","1999-06-04","7.31","7.38","7.25","4.79","42300"
"FRBK","1999-06-07","7.25","7.25","7.13","4.75","51400"
"FRBK","1999-06-08","7.13","7.5","7.0","4.79","53500"
"FRBK","1999-06-09","7.06","7.25","7.06","4.75","65400"
"FRBK","1999-06-10","7.13","7.38","7.06","4.79","38000"
"FRBK","1999-06-11","7.25","7.5","7.25","4.79","12900"
"FRBK","1999-06-14","7.38","7.38","7.13","4.7","4200"
"FRBK","1999-06-15","7.38","7.38","6.62","4.37","100600"
"FRBK","1999-06-16","6.84","7.5","6.69","4.83","12300"
"FRBK","1999-06-17","7.0","7.25","7.0","4.79","12300"
"FRBK","1999-06-18","7.25","7.31","7.06","4.75","12700"
"FRBK","1999-06-21","7.25","7.25","7.13","4.75","24800"
"FRBK","1999-06-22","7.25","7.5","7.13","4.87","52900"
"FRBK","1999-06-23","7.13","7.5","7.13","4.87","53600"
"FRBK","1999-06-24","7.5","7.5","7.25","4.87","30900"
"FRBK","1999-06-25","7.5","7.63","7.38","5.03","29800"
"FRBK","1999-06-28","7.5","7.5","7.38","4.95","17000"
"FRBK","1999-06-29","7.5","7.87","7.5","5.2","94800"
"FRBK","1999-06-30","7.87","8.19","7.87","5.28","45600"
"FRBK","1999-07-01","8.12","8.12","8.0","5.28","29300"
"FRBK","1999-07-02","8.0","8.12","8.0","5.28","11300"
"FRBK","1999-07-06","8.25","8.25","8.0","5.28","20700"
"FRBK","1999-07-07","8.06","8.12","8.06","5.36","14300"
"FRBK","1999-07-08","8.06","8.12","8.06","5.32","6900"
"FRBK","1999-07-09","8.12","8.25","8.06","5.32","18800"
"FRBK","1999-07-12","8.06","8.12","8.0","5.36","48100"
"FRBK","1999-07-13","8.0","8.12","8.0","5.36","6200"
"FRBK","1999-07-14","8.0","8.25","8.0","5.45","55300"
"FRBK","1999-07-15","8.25","8.75","8.25","5.78","45400"
"FRBK","1999-07-16","8.75","8.88","8.75","5.86","12700"
"FRBK","1999-07-19","8.94","9.0","8.75","5.82","29800"
"FRBK","1999-07-20","8.75","8.88","8.5","5.61","77900"
"FRBK","1999-07-21","8.37","8.37","8.0","5.45","25900"
"FRBK","1999-07-22","8.12","8.25","8.0","5.36","13300"
"FRBK","1999-07-23","8.0","8.0","7.75","5.12","12700"
"FRBK","1999-07-26","8.06","8.25","7.63","5.24","31200"
"FRBK","1999-07-27","8.12","8.19","7.94","5.41","14000"
"FRBK","1999-07-28","8.06","8.19","7.94","5.28","12700"
"FRBK","1999-07-29","7.94","8.19","7.94","5.41","1600"
"FRBK","1999-07-30","8.19","8.19","7.94","5.24","4600"
"FRBK","1999-08-02","7.81","8.0","7.81","5.2","28300"
"FRBK","1999-08-03","8.0","8.12","7.87","5.28","61200"
"FRBK","1999-08-04","8.12","8.12","8.0","5.28","55900"
"FRBK","1999-08-05","8.12","8.12","8.0","5.32","22900"
"FRBK","1999-08-06","8.0","8.19","8.0","5.28","6800"
"FRBK","1999-08-09","8.0","8.19","8.0","5.28","23200"
"FRBK","1999-08-10","8.0","8.0","7.63","5.03","20900"
"FRBK","1999-08-11","7.87","7.87","7.56","5.03","8400"
"FRBK","1999-08-12","7.75","8.0","7.75","5.2","22900"
"FRBK","1999-08-13","7.63","7.75","7.5","5.12","2000"
"FRBK","1999-08-16","7.63","7.87","7.63","5.2","27000"
"FRBK","1999-08-17","7.87","8.0","7.5","5.03","16200"
"FRBK","1999-08-18","7.63","7.87","7.63","5.2","16900"
"FRBK","1999-08-19","7.75","7.94","7.75","5.24","11200"
"FRBK","1999-08-20","7.94","7.94","7.75","5.2","73200"
"FRBK","1999-08-23","7.66","7.87","7.53","5.08","11200"
"FRBK","1999-08-24","7.63","7.87","7.63","5.16","29800"
"FRBK","1999-08-25","7.81","7.87","7.75","5.12","11800"
"FRBK","1999-08-26","7.75","8.0","7.5","5.12","15000"
"FRBK","1999-08-27","7.87","7.87","7.53","4.97","900"
"FRBK","1999-08-30","7.63","7.63","7.5","5.03","8600"
"FRBK","1999-08-31","7.5","7.5","7.38","4.87","20000"
"FRBK","1999-09-01","7.75","7.75","7.56","5.03","9600"
"FRBK","1999-09-02","7.81","7.87","7.75","5.12","6100"
"FRBK","1999-09-03","7.81","7.87","7.63","5.12","109800"
"FRBK","1999-09-07","7.87","7.87","7.75","5.16","49700"
"FRBK","1999-09-08","7.75","7.87","7.75","5.12","60200"
"FRBK","1999-09-09","7.87","7.87","7.75","5.12","4900"
"FRBK","1999-09-10","7.78","7.87","7.75","5.12","18200"
"FRBK","1999-09-13","7.75","7.75","7.75","5.12","800"
"FRBK","1999-09-14","7.81","7.81","7.75","5.12","6600"
"FRBK","1999-09-15","7.75","7.87","7.56","5.08","49300"
"FRBK","1999-09-16","7.69","7.75","7.56","5.12","19600"
"FRBK","1999-09-17","7.75","7.75","7.75","5.12","0"
"FRBK","1999-09-20","7.5","7.5","7.31","4.83","1800"
"FRBK","1999-09-21","7.5","7.5","7.25","4.79","3700"
"FRBK","1999-09-22","7.63","7.63","7.25","4.79","8600"
"FRBK","1999-09-23","7.38","7.38","7.25","4.79","1300"
"FRBK","1999-09-24","7.25","7.25","7.0","4.7","40800"
"FRBK","1999-09-27","7.0","7.13","6.56","4.42","39900"
"FRBK","1999-09-28","6.81","7.0","6.75","4.54","77700"
"FRBK","1999-09-29","6.75","6.94","6.25","4.13","78600"
"FRBK","1999-09-30","6.37","6.69","6.37","4.29","44500"
"FRBK","1999-10-01","6.5","6.88","6.44","4.37","41800"
"FRBK","1999-10-04","6.75","8.12","6.62","4.66","95500"
"FRBK","1999-10-05","7.13","7.63","7.13","4.87","26600"
"FRBK","1999-10-06","7.38","7.63","7.38","5.03","37200"
"FRBK","1999-10-07","7.38","7.5","7.38","4.95","14000"
"FRBK","1999-10-08","7.63","7.63","7.5","4.95","4000"
"FRBK","1999-10-11","7.5","7.75","7.5","5.12","6300"
"FRBK","1999-10-12","7.5","7.69","7.5","5.03","9000"
"FRBK","1999-10-13","7.63","7.63","7.63","5.03","500"
"FRBK","1999-10-14","7.5","7.63","7.5","4.95","15700"
"FRBK","1999-10-15","7.5","7.5","7.38","4.95","58900"
"FRBK","1999-10-18","7.5","7.5","7.38","4.87","28100"
"FRBK","1999-10-19","7.63","7.63","7.38","4.87","2700"
"FRBK","1999-10-20","7.63","7.63","7.38","4.87","7000"
"FRBK","1999-10-21","7.38","7.5","7.38","4.95","17400"
"FRBK","1999-10-22","7.5","7.63","7.38","5.03","15900"
"FRBK","1999-10-25","7.56","7.56","7.13","4.7","87400"
"FRBK","1999-10-26","7.25","7.25","7.0","4.62","21800"
"FRBK","1999-10-27","7.06","7.13","7.06","4.69","9900"
"FRBK","1999-10-28","7.06","7.25","7.06","4.79","2700"
"FRBK","1999-10-29","7.06","7.25","7.0","4.62","6000"
"FRBK","1999-11-01","7.31","7.38","7.19","4.79","28700"
"FRBK","1999-11-02","7.38","7.38","7.19","4.83","13900"
"FRBK","1999-11-03","7.25","7.56","7.25","4.99","23200"
"FRBK","1999-11-04","7.5","7.75","7.38","4.87","13800"
"FRBK","1999-11-05","7.25","7.75","7.25","4.87","75500"
"FRBK","1999-11-08","7.25","7.87","7.25","5.03","29500"
"FRBK","1999-11-09","7.38","7.56","7.38","4.95","8600"
"FRBK","1999-11-10","7.5","7.75","7.5","4.99","33900"
"FRBK","1999-11-11","7.56","7.63","7.5","4.95","46800"
"FRBK","1999-11-12","7.5","7.63","7.22","4.77","22900"
"FRBK","1999-11-15","7.31","7.5","7.0","4.62","28600"
"FRBK","1999-11-16","7.0","7.5","7.0","4.62","34100"
"FRBK","1999-11-17","6.88","7.13","6.88","4.64","43600"
"FRBK","1999-11-18","7.0","7.25","6.94","4.62","43600"
"FRBK","1999-11-19","6.88","6.88","6.75","4.54","4500"
"FRBK","1999-11-22","6.75","6.94","6.75","4.46","11000"
"FRBK","1999-11-23","6.62","6.88","6.06","4.0","20900"
"FRBK","1999-11-24","6.5","6.75","6.44","4.33","44300"
"FRBK","1999-11-26","6.5","6.69","6.5","4.37","18500"
"FRBK","1999-11-29","6.5","6.62","6.37","4.37","21200"
"FRBK","1999-11-30","6.5","6.62","6.37","4.21","38000"
"FRBK","1999-12-01","6.37","6.62","6.37","4.29","23400"
"FRBK","1999-12-02","6.25","6.44","6.25","4.21","30900"
"FRBK","1999-12-03","6.37","6.5","6.25","4.13","33200"
"FRBK","1999-12-06","6.25","6.25","5.87","3.92","47800"
"FRBK","1999-12-07","5.75","6.06","5.75","3.88","43300"
"FRBK","1999-12-08","5.87","6.0","5.75","3.8","21000"
"FRBK","1999-12-09","5.75","5.94","5.56","3.8","60900"
"FRBK","1999-12-10","5.75","5.81","5.19","3.51","63200"
"FRBK","1999-12-13","5.44","5.87","5.31","3.8","39100"
"FRBK","1999-12-14","5.87","6.0","5.69","3.76","26700"
"FRBK","1999-12-15","5.69","6.0","5.38","3.59","27600"
"FRBK","1999-12-16","5.5","6.0","5.5","3.96","11300"
"FRBK","1999-12-17","5.75","5.94","5.63","3.8","38700"
"FRBK","1999-12-20","5.63","5.75","5.5","3.71","23100"
"FRBK","1999-12-21","5.56","5.56","5.25","3.63","145200"
"FRBK","1999-12-22","5.5","5.69","5.25","3.59","20300"
"FRBK","1999-12-23","5.5","5.75","5.06","3.34","64600"
"FRBK","1999-12-27","5.0","5.5","5.0","3.55","41300"
"FRBK","1999-12-28","5.25","5.56","5.25","3.55","135000"
"FRBK","1999-12-29","5.44","5.44","5.25","3.51","56300"
"FRBK","1999-12-30","5.5","5.63","5.19","3.59","60000"
"FRBK","1999-12-31","5.38","5.63","5.06","3.43","89600"
"FRBK","2000-01-03","5.5","5.5","5.38","3.55","38100"
"FRBK","2000-01-04","5.25","5.63","5.25","3.55","19300"
"FRBK","2000-01-05","5.25","5.75","5.25","3.8","10600"
"FRBK","2000-01-06","5.63","5.75","5.63","3.8","2000"
"FRBK","2000-01-07","5.75","6.5","5.5","4.29","44100"
"FRBK","2000-01-10","6.12","6.75","6.12","4.37","12200"
"FRBK","2000-01-11","6.5","6.62","6.37","4.21","6700"
"FRBK","2000-01-12","6.37","6.5","6.37","4.29","23600"
"FRBK","2000-01-13","6.5","6.5","6.0","3.96","160100"
"FRBK","2000-01-14","5.75","6.19","5.63","4.09","29300"
"FRBK","2000-01-18","5.81","6.19","5.69","3.76","2000"
"FRBK","2000-01-19","5.69","5.78","5.69","3.82","3100"
"FRBK","2000-01-20","5.87","6.0","5.75","3.88","31600"
"FRBK","2000-01-21","5.87","6.0","5.63","3.88","24600"
"FRBK","2000-01-24","6.0","6.0","5.63","3.8","25700"
"FRBK","2000-01-25","5.75","6.0","5.63","3.71","7200"
"FRBK","2000-01-26","5.63","5.63","5.5","3.71","5000"
"FRBK","2000-01-27","5.75","5.75","5.75","3.8","2900"
"FRBK","2000-01-28","5.63","5.63","5.63","3.71","5800"
"FRBK","2000-01-31","5.75","6.0","5.63","3.96","23900"
"FRBK","2000-02-01","6.5","6.5","5.78","4.13","29400"
"FRBK","2000-02-02","5.75","6.0","5.75","3.88","4800"
"FRBK","2000-02-03","5.81","5.94","5.81","3.84","11500"
"FRBK","2000-02-04","5.94","6.5","5.87","3.96","18500"
"FRBK","2000-02-07","5.87","6.0","5.87","3.88","4400"
"FRBK","2000-02-08","5.87","6.37","5.87","4.04","12100"
"FRBK","2000-02-09","6.0","6.06","5.87","3.96","6300"
"FRBK","2000-02-10","5.87","6.0","5.75","3.96","18300"
"FRBK","2000-02-11","6.06","6.06","5.81","3.88","4200"
"FRBK","2000-02-14","5.94","5.94","5.75","3.8","20700"
"FRBK","2000-02-15","6.0","6.0","5.75","3.8","8100"
"FRBK","2000-02-16","5.75","5.87","5.75","3.88","17800"
"FRBK","2000-02-17","5.87","5.87","5.75","3.8","6900"
"FRBK","2000-02-18","5.75","5.87","5.63","3.71","10600"
"FRBK","2000-02-22","5.63","5.75","5.56","3.76","5500"
"FRBK","2000-02-23","5.5","5.63","5.5","3.71","26100"
"FRBK","2000-02-24","5.5","5.5","5.25","3.47","28700"
"FRBK","2000-02-25","5.5","5.75","5.5","3.63","7400"
"FRBK","2000-02-28","5.5","5.63","5.25","3.47","46700"
"FRBK","2000-02-29","5.47","5.5","5.25","3.63","11200"
"FRBK","2000-03-01","5.25","5.25","5.25","3.47","2700"
"FRBK","2000-03-02","5.5","5.5","5.38","3.55","6800"
"FRBK","2000-03-03","5.25","5.5","5.25","3.47","12500"
"FRBK","2000-03-06","5.25","5.38","5.25","3.55","8500"
"FRBK","2000-03-07","5.38","5.38","5.0","3.3","29700"
"FRBK","2000-03-08","5.0","5.5","5.0","3.63","3000"
"FRBK","2000-03-09","5.5","5.5","5.13","3.63","14000"
"FRBK","2000-03-10","5.5","5.75","5.5","3.71","14300"
"FRBK","2000-03-13","5.5","5.5","5.13","3.47","2900"
"FRBK","2000-03-14","5.25","5.5","5.25","3.63","3900"
"FRBK","2000-03-15","5.25","5.5","5.25","3.55","20200"
"FRBK","2000-03-16","5.31","5.5","4.88","3.38","45200"
"FRBK","2000-03-17","5.0","5.13","5.0","3.38","8600"
"FRBK","2000-03-20","5.13","5.25","5.0","3.34","5600"
"FRBK","2000-03-21","5.06","5.25","5.0","3.43","13800"
"FRBK","2000-03-22","5.0","5.63","3.87","3.55","106700"
"FRBK","2000-03-23","5.25","5.5","4.88","3.22","17700"
"FRBK","2000-03-24","5.25","5.25","4.88","3.3","9000"
"FRBK","2000-03-27","5.0","5.13","5.0","3.3","11600"
"FRBK","2000-03-28","5.0","5.0","4.5","3.22","20300"
"FRBK","2000-03-29","5.06","5.19","4.5","3.3","15000"
"FRBK","2000-03-30","5.0","5.0","4.81","3.18","8400"
"FRBK","2000-03-31","5.13","5.19","4.75","3.14","22100"
"FRBK","2000-04-03","4.75","4.75","4.75","3.14","6800"
"FRBK","2000-04-04","4.81","5.0","4.81","3.3","28100"
"FRBK","2000-04-05","5.0","5.13","5.0","3.38","51000"
"FRBK","2000-04-06","5.0","5.0","5.0","3.3","700"
"FRBK","2000-04-07","4.88","5.0","4.62","3.3","21300"
"FRBK","2000-04-10","5.0","5.06","4.75","3.3","1800"
"FRBK","2000-04-11","5.0","5.0","4.75","3.14","500"
"FRBK","2000-04-12","5.0","5.0","4.75","3.14","4400"
"FRBK","2000-04-13","5.0","5.0","4.56","3.01","12600"
"FRBK","2000-04-14","4.56","4.75","4.25","2.81","27900"
"FRBK","2000-04-17","4.25","5.0","4.25","3.28","30000"
"FRBK","2000-04-18","4.88","4.88","4.88","3.22","16900"
"FRBK","2000-04-19","4.69","4.69","4.62","3.09","3600"
"FRBK","2000-04-20","4.5","4.94","4.37","2.97","12700"
"FRBK","2000-04-24","4.62","4.69","4.62","3.09","2200"
"FRBK","2000-04-25","4.62","4.75","4.37","3.14","24600"
"FRBK","2000-04-26","4.75","4.75","4.5","2.97","1700"
"FRBK","2000-04-27","4.5","4.5","4.37","2.97","48700"
"FRBK","2000-04-28","4.5","4.5","4.5","2.97","1900"
"FRBK","2000-05-01","4.62","4.62","4.5","2.97","2800"
"FRBK","2000-05-02","4.5","4.5","4.5","2.97","23600"
"FRBK","2000-05-03","4.5","4.5","4.5","2.97","16100"
"FRBK","2000-05-04","4.37","4.5","4.37","2.97","2700"
"FRBK","2000-05-05","4.5","4.5","4.5","2.97","0"
"FRBK","2000-05-08","4.44","4.5","4.44","2.93","4600"
"FRBK","2000-05-09","4.44","4.44","4.44","2.93","500"
"FRBK","2000-05-10","4.56","4.56","4.44","2.93","3000"
"FRBK","2000-05-11","4.44","4.5","4.37","2.93","13400"
"FRBK","2000-05-12","4.37","4.37","4.37","2.89","200"
"FRBK","2000-05-15","4.5","4.5","4.5","2.97","7000"
"FRBK","2000-05-16","4.5","4.62","4.5","3.05","14300"
"FRBK","2000-05-17","4.56","4.62","4.56","3.05","3700"
"FRBK","2000-05-18","4.44","4.5","4.44","2.93","10100"
"FRBK","2000-05-19","4.62","4.69","4.44","2.99","14800"
"FRBK","2000-05-22","4.44","4.62","4.44","3.05","1800"
"FRBK","2000-05-23","4.5","4.56","4.5","2.97","6700"
"FRBK","2000-05-24","4.37","4.37","4.31","2.85","6800"
"FRBK","2000-05-25","4.5","4.5","4.31","2.91","18200"
"FRBK","2000-05-26","4.31","4.56","4.31","3.01","7400"
"FRBK","2000-05-30","4.5","4.5","4.44","2.93","14600"
"FRBK","2000-05-31","4.44","4.44","4.44","2.93","20500"
"FRBK","2000-06-01","4.41","4.44","4.41","2.93","4000"
"FRBK","2000-06-02","4.62","4.75","4.62","3.14","7900"
"FRBK","2000-06-05","4.62","4.62","4.62","3.05","5600"
"FRBK","2000-06-06","4.62","4.62","4.62","3.05","400"
"FRBK","2000-06-07","4.62","4.62","4.62","3.05","200"
"FRBK","2000-06-08","4.62","4.62","4.62","3.05","500"
"FRBK","2000-06-09","4.5","4.88","4.5","3.14","5600"
"FRBK","2000-06-12","4.75","4.75","4.75","3.14","0"
"FRBK","2000-06-13","4.88","4.88","4.88","3.22","100"
"FRBK","2000-06-14","4.94","5.06","4.91","3.32","12300"
"FRBK","2000-06-15","5.0","5.0","4.97","3.28","6000"
"FRBK","2000-06-16","4.88","4.88","4.88","3.22","1800"
"FRBK","2000-06-19","4.81","4.81","4.5","3.18","16900"
"FRBK","2000-06-20","4.81","4.81","4.81","3.18","0"
"FRBK","2000-06-21","4.81","4.81","4.56","3.01","800"
"FRBK","2000-06-22","4.56","4.56","4.25","2.81","13800"
"FRBK","2000-06-23","4.44","4.5","4.44","2.97","4200"
"FRBK","2000-06-26","4.5","4.5","4.5","2.97","6300"
"FRBK","2000-06-27","4.5","4.5","4.37","2.89","6000"
"FRBK","2000-06-28","4.37","4.69","4.37","3.09","2900"
"FRBK","2000-06-29","4.5","4.59","4.5","3.03","4000"
"FRBK","2000-06-30","4.69","4.69","4.62","3.05","7500"
"FRBK","2000-07-03","4.25","4.62","3.94","3.05","31400"
"FRBK","2000-07-05","4.59","4.59","4.03","2.81","12300"
"FRBK","2000-07-06","4.22","4.5","4.0","2.97","7700"
"FRBK","2000-07-07","4.53","4.53","4.12","2.72","6200"
"FRBK","2000-07-10","4.31","4.31","4.31","2.85","400"
"FRBK","2000-07-11","4.31","4.37","4.25","2.89","5300"
"FRBK","2000-07-12","4.37","4.62","4.37","3.05","7700"
"FRBK","2000-07-13","4.62","4.62","4.62","3.05","0"
"FRBK","2000-07-14","4.25","4.25","4.25","2.81","1500"
"FRBK","2000-07-17","4.25","4.25","4.25","2.81","700"
"FRBK","2000-07-18","4.56","4.62","4.56","3.05","5600"
"FRBK","2000-07-19","4.56","4.56","4.37","2.89","2700"
"FRBK","2000-07-20","4.37","4.5","4.37","2.97","2400"
"FRBK","2000-07-21","4.5","4.5","4.44","2.93","3100"
"FRBK","2000-07-24","4.5","4.5","4.37","2.89","9400"
"FRBK","2000-07-25","4.25","4.25","4.19","2.76","20600"
"FRBK","2000-07-26","4.25","4.25","4.25","2.81","500"
"FRBK","2000-07-27","4.25","4.25","4.12","2.81","10000"
"FRBK","2000-07-28","4.22","4.25","4.22","2.81","5200"
"FRBK","2000-07-31","4.31","4.31","4.12","2.72","8800"
"FRBK","2000-08-01","4.25","4.25","4.25","2.81","8400"
"FRBK","2000-08-02","4.25","4.25","4.0","2.76","37800"
"FRBK","2000-08-03","4.19","4.19","4.19","2.76","4800"
"FRBK","2000-08-04","3.87","4.19","3.87","2.72","53200"
"FRBK","2000-08-07","4.19","4.25","4.12","2.81","19400"
"FRBK","2000-08-08","4.25","4.31","4.19","2.85","32700"
"FRBK","2000-08-09","4.19","4.37","4.19","2.85","33600"
"FRBK","2000-08-10","4.31","4.31","4.31","2.85","6800"
"FRBK","2000-08-11","4.37","4.37","4.25","2.85","3600"
"FRBK","2000-08-14","4.31","4.31","4.31","2.85","400"
"FRBK","2000-08-15","4.31","4.31","4.31","2.85","2700"
"FRBK","2000-08-16","4.31","4.31","4.25","2.81","29400"
"FRBK","2000-08-17","4.19","4.25","4.19","2.76","11400"
"FRBK","2000-08-18","4.37","4.44","4.37","2.93","4000"
"FRBK","2000-08-21","4.25","4.25","4.19","2.76","2400"
"FRBK","2000-08-22","4.37","4.37","4.19","2.76","4600"
"FRBK","2000-08-23","4.37","4.37","4.19","2.78","5200"
"FRBK","2000-08-24","4.19","4.37","4.19","2.81","2900"
"FRBK","2000-08-25","4.37","4.37","4.25","2.81","7700"
"FRBK","2000-08-28","4.25","4.37","4.25","2.89","7700"
"FRBK","2000-08-29","4.31","4.44","4.31","2.93","3000"
"FRBK","2000-08-30","4.37","4.62","4.37","3.05","11000"
"FRBK","2000-08-31","4.5","4.5","4.44","2.93","8000"
"FRBK","2000-09-01","4.44","4.5","4.44","2.97","28100"
"FRBK","2000-09-05","4.56","4.56","4.56","3.01","100"
"FRBK","2000-09-06","4.44","4.44","4.12","2.72","20000"
"FRBK","2000-09-07","4.37","4.37","4.12","2.72","5000"
"FRBK","2000-09-08","4.12","4.12","4.12","2.72","0"
"FRBK","2000-09-11","4.31","4.31","4.25","2.81","14300"
"FRBK","2000-09-12","4.12","4.12","4.06","2.72","20700"
"FRBK","2000-09-13","4.12","4.25","4.0","2.66","88800"
"FRBK","2000-09-14","4.03","4.06","4.0","2.64","64100"
"FRBK","2000-09-15","4.06","4.06","3.94","2.64","30600"
"FRBK","2000-09-18","4.06","4.06","3.87","2.56","36700"
"FRBK","2000-09-19","4.06","4.06","3.87","2.56","6100"
"FRBK","2000-09-20","3.97","3.97","3.87","2.56","10500"
"FRBK","2000-09-21","4.0","4.06","3.94","2.6","9400"
"FRBK","2000-09-22","3.94","3.94","3.87","2.6","10300"
"FRBK","2000-09-25","4.0","4.0","3.87","2.56","46300"
"FRBK","2000-09-26","4.0","4.0","3.94","2.64","5800"
"FRBK","2000-09-27","4.0","4.0","3.75","2.64","15500"
"FRBK","2000-09-28","3.94","4.0","3.87","2.56","1900"
"FRBK","2000-09-29","3.87","4.06","3.87","2.64","21000"
"FRBK","2000-10-02","4.0","4.06","4.0","2.64","33900"
"FRBK","2000-10-03","3.94","4.0","3.87","2.56","1300"
"FRBK","2000-10-04","3.94","4.19","3.87","2.56","18200"
"FRBK","2000-10-05","4.25","4.25","4.0","2.64","17700"
"FRBK","2000-10-06","4.06","4.06","4.0","2.64","4400"
"FRBK","2000-10-09","3.94","4.0","3.94","2.64","8100"
"FRBK","2000-10-10","4.06","4.06","3.94","2.6","9900"
"FRBK","2000-10-11","3.94","4.0","3.87","2.56","5300"
"FRBK","2000-10-12","4.0","4.0","3.87","2.56","1500"
"FRBK","2000-10-13","3.87","4.0","3.87","2.63","18300"
"FRBK","2000-10-16","4.05","4.12","4.05","2.72","18300"
"FRBK","2000-10-17","4.12","4.19","4.12","2.72","12900"
"FRBK","2000-10-18","4.19","4.31","4.06","2.85","31200"
"FRBK","2000-10-19","4.31","4.37","4.25","2.85","15200"
"FRBK","2000-10-20","4.25","4.37","4.25","2.81","142400"
"FRBK","2000-10-23","4.19","4.37","3.94","2.72","331100"
"FRBK","2000-10-24","4.16","4.37","4.12","2.81","9300"
"FRBK","2000-10-25","4.25","4.25","4.06","2.81","17800"
"FRBK","2000-10-26","4.14","4.19","4.12","2.72","14700"
"FRBK","2000-10-27","4.19","4.19","4.19","2.76","1300"
"FRBK","2000-10-30","4.12","4.19","4.12","2.72","4100"
"FRBK","2000-10-31","4.12","4.19","4.03","2.76","19400"
"FRBK","2000-11-01","4.25","4.25","4.12","2.72","12600"
"FRBK","2000-11-02","4.12","4.12","4.06","2.68","32700"
"FRBK","2000-11-03","4.06","4.12","4.06","2.68","40200"
"FRBK","2000-11-06","4.12","4.12","4.12","2.72","17200"
"FRBK","2000-11-07","4.12","4.12","4.09","2.72","25400"
"FRBK","2000-11-08","4.12","4.12","4.12","2.72","0"
"FRBK","2000-11-09","4.08","4.12","4.06","2.68","8100"
"FRBK","2000-11-10","4.03","4.03","4.0","2.64","8900"
"FRBK","2000-11-13","3.87","4.19","3.87","2.76","31000"
"FRBK","2000-11-14","4.16","4.16","4.12","2.72","11300"
"FRBK","2000-11-15","4.12","4.12","4.06","2.68","22100"
"FRBK","2000-11-16","4.0","4.0","4.0","2.64","9600"
"FRBK","2000-11-17","4.11","4.12","4.0","2.64","30200"
"FRBK","2000-11-20","4.06","4.06","4.0","2.68","55000"
"FRBK","2000-11-21","4.16","4.19","4.0","2.68","12500"
"FRBK","2000-11-22","3.94","4.06","3.94","2.64","22900"
"FRBK","2000-11-24","4.0","4.0","4.0","2.64","0"
"FRBK","2000-11-27","4.0","4.19","4.0","2.64","700"
"FRBK","2000-11-28","4.0","4.19","4.0","2.68","18100"
"FRBK","2000-11-29","4.0","4.06","4.0","2.68","7400"
"FRBK","2000-11-30","4.0","4.02","3.94","2.64","26600"
"FRBK","2000-12-01","4.0","4.0","3.94","2.6","1300"
"FRBK","2000-12-04","3.97","4.03","3.94","2.64","32300"
"FRBK","2000-12-05","3.94","4.0","3.87","2.6","31000"
"FRBK","2000-12-06","3.94","4.0","3.94","2.64","12800"
"FRBK","2000-12-07","3.94","3.94","3.87","2.56","4100"
"FRBK","2000-12-08","3.87","3.94","3.87","2.6","27300"
"FRBK","2000-12-11","3.94","3.94","3.91","2.58","3100"
"FRBK","2000-12-12","3.91","4.0","3.87","2.56","19600"
"FRBK","2000-12-13","3.94","3.97","3.75","2.62","33900"
"FRBK","2000-12-14","3.87","3.87","3.44","2.43","61900"
"FRBK","2000-12-15","3.69","3.75","3.69","2.48","7400"
"FRBK","2000-12-18","3.69","3.81","3.63","2.43","34100"
"FRBK","2000-12-19","3.63","3.81","3.63","2.48","51500"
"FRBK","2000-12-20","3.69","3.75","3.63","2.39","12300"
"FRBK","2000-12-21","3.63","3.87","3.5","2.35","65700"
"FRBK","2000-12-22","3.56","3.75","3.56","2.43","43800"
"FRBK","2000-12-26","3.58","3.69","3.56","2.35","26900"
"FRBK","2000-12-27","3.56","3.69","3.56","2.43","71100"
"FRBK","2000-12-28","3.63","3.63","3.5","2.31","83200"
"FRBK","2000-12-29","3.44","4.25","3.44","2.48","58500"
"FRBK","2001-01-02","4.25","4.25","4.25","2.81","300"
"FRBK","2001-01-03","3.75","4.25","3.75","2.72","13600"
"FRBK","2001-01-04","4.37","4.5","4.0","2.72","8500"
"FRBK","2001-01-05","4.36","4.5","4.25","2.81","39000"
"FRBK","2001-01-08","4.5","4.5","4.12","2.81","4600"
"FRBK","2001-01-09","4.12","4.12","4.12","2.72","7900"
"FRBK","2001-01-10","4.12","4.12","4.12","2.72","0"
"FRBK","2001-01-11","4.12","4.12","4.12","2.72","6200"
"FRBK","2001-01-12","4.25","4.25","4.25","2.81","4400"
"FRBK","2001-01-16","4.25","4.25","4.19","2.76","11400"
"FRBK","2001-01-17","4.25","4.25","4.19","2.81","22500"
"FRBK","2001-01-18","4.19","4.37","4.06","2.68","9600"
"FRBK","2001-01-19","4.36","4.36","4.36","2.88","200"
"FRBK","2001-01-22","4.25","4.25","4.06","2.68","4200"
"FRBK","2001-01-23","4.25","4.25","4.12","2.72","1800"
"FRBK","2001-01-24","4.06","4.12","4.06","2.68","4000"
"FRBK","2001-01-25","4.25","4.37","4.05","2.89","35500"
"FRBK","2001-01-26","4.5","4.62","4.5","3.05","15400"
"FRBK","2001-01-29","4.5","4.5","4.25","2.81","11800"
"FRBK","2001-01-30","4.25","4.5","4.0","2.97","9900"
"FRBK","2001-01-31","4.5","4.88","4.5","3.21","7500"
"FRBK","2001-02-01","4.75","5.0","4.5","3.05","11400"
"FRBK","2001-02-02","4.56","4.56","4.56","3.01","1400"
"FRBK","2001-02-05","4.61","4.69","4.56","3.09","20600"
"FRBK","2001-02-06","5.0","5.0","4.75","3.14","16500"
"FRBK","2001-02-07","4.75","5.0","4.75","3.3","18500"
"FRBK","2001-02-08","4.81","4.94","4.81","3.26","20500"
"FRBK","2001-02-09","4.94","5.19","4.81","3.38","12600"
"FRBK","2001-02-12","5.0","5.38","5.0","3.3","22000"
"FRBK","2001-02-13","5.0","5.0","5.0","3.3","3000"
"FRBK","2001-02-14","5.11","5.13","5.0","3.38","12700"
"FRBK","2001-02-15","5.13","5.19","4.88","3.22","1800"
"FRBK","2001-02-16","5.2","5.22","5.0","3.3","15500"
"FRBK","2001-02-20","5.22","5.25","5.22","3.47","400"
"FRBK","2001-02-21","4.94","4.94","4.81","3.18","16000"
"FRBK","2001-02-22","4.81","4.81","4.81","3.18","3300"
"FRBK","2001-02-23","4.81","5.0","4.81","3.3","17200"
"FRBK","2001-02-26","5.0","5.25","5.0","3.47","6600"
"FRBK","2001-02-27","5.03","5.13","5.0","3.3","2200"
"FRBK","2001-02-28","5.13","5.13","5.0","3.38","8400"
"FRBK","2001-03-01","5.19","5.19","5.19","3.43","11200"
"FRBK","2001-03-02","5.13","5.25","5.13","3.47","3000"
"FRBK","2001-03-05","5.25","5.31","5.06","3.51","4100"
"FRBK","2001-03-06","5.38","5.44","5.31","3.55","6000"
"FRBK","2001-03-07","5.5","5.5","5.5","3.63","10200"
"FRBK","2001-03-08","5.75","6.0","5.75","3.88","22000"
"FRBK","2001-03-09","5.87","6.12","5.75","3.8","12900"
"FRBK","2001-03-12","5.75","5.81","5.63","3.71","8100"
"FRBK","2001-03-13","5.81","5.94","5.81","3.92","800"
"FRBK","2001-03-14","5.53","5.53","5.38","3.55","3600"
"FRBK","2001-03-15","5.5","5.63","5.25","3.71","12800"
"FRBK","2001-03-16","5.75","5.75","5.75","3.8","200"
"FRBK","2001-03-19","5.63","5.63","5.63","3.71","800"
"FRBK","2001-03-20","5.38","5.5","5.38","3.55","900"
"FRBK","2001-03-21","5.5","5.5","5.0","3.3","4800"
"FRBK","2001-03-22","5.0","5.25","4.75","3.3","16100"
"FRBK","2001-03-23","5.0","5.0","5.0","3.3","14800"
"FRBK","2001-03-26","4.94","5.5","4.94","3.63","6000"
"FRBK","2001-03-27","5.5","5.5","5.5","3.63","0"
"FRBK","2001-03-28","5.0","5.13","5.0","3.38","5000"
"FRBK","2001-03-29","5.25","5.25","5.06","3.34","700"
"FRBK","2001-03-30","5.0","5.25","5.0","3.47","4600"
"FRBK","2001-04-02","4.89","5.25","4.89","3.47","600"
"FRBK","2001-04-03","5.0","5.25","4.88","3.38","8900"
"FRBK","2001-04-04","4.88","5.13","4.88","3.38","14000"
"FRBK","2001-04-05","5.13","5.13","5.13","3.38","0"
"FRBK","2001-04-06","5.25","5.25","5.25","3.47","3400"
"FRBK","2001-04-09","5.0","5.0","5.0","3.3","500"
"FRBK","2001-04-10","5.1","5.5","5.0","3.37","17900"
"FRBK","2001-04-11","5.1","5.1","4.75","3.37","26600"
"FRBK","2001-04-12","5.1","5.1","5.1","3.37","5200"
"FRBK","2001-04-16","4.9","5.35","4.77","3.53","65100"
"FRBK","2001-04-17","5.3","5.52","5.3","3.6","6600"
"FRBK","2001-04-18","5.42","5.62","5.42","3.7","34300"
"FRBK","2001-04-19","5.62","5.75","5.6","3.8","21500"
"FRBK","2001-04-20","5.5","5.65","5.35","3.73","12900"
"FRBK","2001-04-23","5.58","5.81","5.38","3.63","5500"
"FRBK","2001-04-24","5.45","5.47","5.45","3.61","600"
"FRBK","2001-04-25","5.47","5.47","5.47","3.61","600"
"FRBK","2001-04-26","5.46","5.69","5.46","3.67","1700"
"FRBK","2001-04-27","5.69","5.69","5.69","3.76","1300"
"FRBK","2001-04-30","5.6","5.61","5.55","3.7","6800"
"FRBK","2001-05-01","5.59","5.59","5.59","3.69","1300"
"FRBK","2001-05-02","5.69","5.73","5.55","3.78","4500"
"FRBK","2001-05-03","5.6","5.81","5.6","3.79","13800"
"FRBK","2001-05-04","5.71","5.8","5.71","3.78","3900"
"FRBK","2001-05-07","5.85","5.85","5.75","3.8","3000"
"FRBK","2001-05-08","5.8","5.85","5.78","3.83","8000"
"FRBK","2001-05-09","5.8","5.8","5.8","3.83","1400"
"FRBK","2001-05-10","5.8","5.8","5.75","3.8","2600"
"FRBK","2001-05-11","5.93","5.93","5.84","3.91","6600"
"FRBK","2001-05-14","5.71","5.71","5.71","3.77","200"
"FRBK","2001-05-15","5.65","5.67","5.65","3.74","2700"
"FRBK","2001-05-16","5.65","5.65","5.65","3.73","200"
"FRBK","2001-05-17","5.65","5.7","5.62","3.76","3100"
"FRBK","2001-05-18","5.74","5.74","5.62","3.71","3400"
"FRBK","2001-05-21","5.62","5.7","5.51","3.76","17200"
"FRBK","2001-05-22","5.7","5.7","5.51","3.76","11600"
"FRBK","2001-05-23","5.51","5.7","5.51","3.76","900"
"FRBK","2001-05-24","5.5","5.55","5.5","3.66","1700"
"FRBK","2001-05-25","5.55","5.55","5.55","3.66","0"
"FRBK","2001-05-29","5.55","5.55","5.55","3.66","0"
"FRBK","2001-05-30","5.55","5.55","5.55","3.66","0"
"FRBK","2001-05-31","5.7","5.7","5.7","3.76","1300"
"FRBK","2001-06-01","5.69","5.75","5.6","3.8","4400"
"FRBK","2001-06-04","5.91","5.91","5.91","3.9","500"
"FRBK","2001-06-05","5.91","5.91","5.84","3.88","24900"
"FRBK","2001-06-06","5.87","5.87","5.87","3.88","300"
"FRBK","2001-06-07","5.9","5.95","5.9","3.93","2700"
"FRBK","2001-06-08","5.92","5.92","5.85","3.86","700"
"FRBK","2001-06-11","5.89","5.89","5.84","3.86","1800"
"FRBK","2001-06-12","5.84","5.84","5.84","3.86","0"
"FRBK","2001-06-13","5.62","5.62","5.32","3.51","42000"
"FRBK","2001-06-14","5.4","5.45","5.28","3.49","94600"
"FRBK","2001-06-15","5.4","5.4","5.2","3.43","1900"
"FRBK","2001-06-18","5.2","5.2","4.86","3.22","60700"
"FRBK","2001-06-19","5.01","5.08","4.86","3.24","52400"
"FRBK","2001-06-20","4.81","5.25","4.81","3.47","6000"
"FRBK","2001-06-21","5.25","5.25","5.01","3.32","7200"
"FRBK","2001-06-22","5.15","5.22","5.1","3.45","8000"
"FRBK","2001-06-25","5.15","5.23","5.02","3.33","66100"
"FRBK","2001-06-26","5.14","5.22","5.1","3.45","4100"
"FRBK","2001-06-27","5.04","5.23","5.04","3.43","500"
"FRBK","2001-06-28","5.15","5.19","5.02","3.43","14700"
"FRBK","2001-06-29","5.04","5.23","5.01","3.45","1700"
"FRBK","2001-07-02","5.01","5.19","5.01","3.43","500"
"FRBK","2001-07-03","5.19","5.19","5.19","3.43","0"
"FRBK","2001-07-05","5.1","5.19","5.0","3.3","309200"
"FRBK","2001-07-06","5.0","5.1","5.0","3.3","27200"
"FRBK","2001-07-09","5.05","5.06","4.98","3.3","92000"
"FRBK","2001-07-10","5.0","5.05","5.0","3.3","17000"
"FRBK","2001-07-11","4.98","4.98","4.87","3.22","4200"
"FRBK","2001-07-12","4.88","5.0","4.81","3.3","23200"
"FRBK","2001-07-13","4.9","5.0","4.9","3.3","23300"
"FRBK","2001-07-16","5.04","5.04","4.91","3.24","400"
"FRBK","2001-07-17","4.85","5.04","4.85","3.33","20700"
"FRBK","2001-07-18","5.0","5.24","5.0","3.44","180400"
"FRBK","2001-07-19","5.2","5.33","5.1","3.49","19300"
"FRBK","2001-07-20","5.33","5.4","5.2","3.45","32100"
"FRBK","2001-07-23","5.44","5.44","5.23","3.45","73500"
"FRBK","2001-07-24","5.2","5.44","5.2","3.45","57400"
"FRBK","2001-07-25","5.44","5.44","5.1","3.37","121300"
"FRBK","2001-07-26","5.09","5.35","5.09","3.53","200"
"FRBK","2001-07-27","5.44","5.44","5.44","3.59","100"
"FRBK","2001-07-30","5.34","5.6","5.33","3.52","8200"
"FRBK","2001-07-31","5.4","5.4","5.4","3.57","500"
"FRBK","2001-08-01","5.59","5.59","5.1","3.37","6900"
"FRBK","2001-08-02","5.25","5.35","5.24","3.53","4500"
"FRBK","2001-08-03","5.35","5.35","5.35","3.53","0"
"FRBK","2001-08-06","5.16","5.5","5.16","3.63","1900"
"FRBK","2001-08-07","5.5","5.5","5.35","3.63","15900"
"FRBK","2001-08-08","5.5","5.7","5.5","3.76","3700"
"FRBK","2001-08-09","5.6","5.97","5.5","3.94","5300"
"FRBK","2001-08-10","5.76","5.9","5.76","3.9","3700"
"FRBK","2001-08-13","5.57","5.9","5.57","3.9","3700"
"FRBK","2001-08-14","5.57","5.57","5.57","3.68","200"
"FRBK","2001-08-15","5.58","5.8","5.57","3.83","800"
"FRBK","2001-08-16","5.57","5.77","5.57","3.7","2800"
"FRBK","2001-08-17","5.6","5.65","5.45","3.6","6600"
"FRBK","2001-08-20","5.46","5.57","5.46","3.68","2400"
"FRBK","2001-08-21","5.55","5.65","5.41","3.57","4500"
"FRBK","2001-08-22","5.36","5.57","5.36","3.68","2600"
"FRBK","2001-08-23","5.35","5.42","5.35","3.58","1800"
"FRBK","2001-08-24","5.42","5.54","5.35","3.53","12100"
"FRBK","2001-08-27","5.48","5.66","5.33","3.53","20200"
"FRBK","2001-08-28","5.33","5.4","5.29","3.57","9700"
"FRBK","2001-08-29","5.29","5.29","5.29","3.49","1800"
"FRBK","2001-08-30","5.29","5.35","5.29","3.49","9900"
"FRBK","2001-08-31","5.29","5.29","5.25","3.47","1700"
"FRBK","2001-09-04","5.29","5.29","5.29","3.49","2600"
"FRBK","2001-09-05","5.23","5.28","5.23","3.49","4000"
"FRBK","2001-09-06","5.19","5.42","5.15","3.58","25400"
"FRBK","2001-09-07","5.39","5.39","5.2","3.46","6900"
"FRBK","2001-09-10","5.21","5.24","5.15","3.46","10200"
"FRBK","2001-09-17","5.11","5.36","5.1","3.4","23400"
"FRBK","2001-09-18","5.14","5.29","5.11","3.47","10100"
"FRBK","2001-09-19","5.2","5.2","4.8","3.33","103500"
"FRBK","2001-09-20","4.9","5.19","4.8","3.29","14900"
"FRBK","2001-09-21","4.85","5.15","4.75","3.2","30200"
"FRBK","2001-09-24","5.05","5.24","4.97","3.43","4500"
"FRBK","2001-09-25","5.05","5.17","5.0","3.41","6300"
"FRBK","2001-09-26","5.02","5.02","4.8","3.24","31100"
"FRBK","2001-09-27","4.82","4.82","4.82","3.18","300"
"FRBK","2001-09-28","4.95","5.0","4.88","3.22","5000"
"FRBK","2001-10-01","4.88","4.88","4.88","3.22","0"
"FRBK","2001-10-02","4.91","4.98","4.91","3.26","18200"
"FRBK","2001-10-03","4.9","4.9","4.9","3.24","600"
"FRBK","2001-10-04","4.95","4.95","4.82","3.19","4600"
"FRBK","2001-10-05","4.82","5.07","4.82","3.29","6000"
"FRBK","2001-10-08","5.18","5.18","5.18","3.42","100"
"FRBK","2001-10-09","4.95","4.95","4.8","3.21","19600"
"FRBK","2001-10-10","4.9","5.1","4.9","3.27","4400"
"FRBK","2001-10-11","5.09","5.09","5.09","3.36","800"
"FRBK","2001-10-12","5.05","5.19","5.0","3.33","9000"
"FRBK","2001-10-15","5.0","5.0","4.95","3.27","48100"
"FRBK","2001-10-16","4.95","4.95","4.95","3.27","100"
"FRBK","2001-10-17","4.95","5.0","4.95","3.3","2000"
"FRBK","2001-10-18","4.95","5.08","4.95","3.35","46500"
"FRBK","2001-10-19","5.17","5.17","5.17","3.41","500"
"FRBK","2001-10-22","5.01","5.06","5.0","3.3","4200"
"FRBK","2001-10-23","5.15","5.15","5.0","3.37","4200"
"FRBK","2001-10-24","5.05","5.05","5.05","3.33","3700"
"FRBK","2001-10-25","5.1","5.1","5.05","3.33","3600"
"FRBK","2001-10-26","5.09","5.09","5.09","3.36","6600"
"FRBK","2001-10-29","5.05","5.05","5.05","3.33","1800"
"FRBK","2001-10-30","5.05","5.1","4.96","3.3","9700"
"FRBK","2001-10-31","5.09","5.09","5.09","3.36","500"
"FRBK","2001-11-01","5.02","5.1","5.02","3.37","1400"
"FRBK","2001-11-02","5.1","5.25","5.09","3.43","39600"
"FRBK","2001-11-05","5.25","5.25","5.2","3.43","3100"
"FRBK","2001-11-06","5.2","5.29","5.2","3.49","2900"
"FRBK","2001-11-07","5.29","5.29","5.29","3.49","0"
"FRBK","2001-11-08","5.2","5.2","5.2","3.43","100"
"FRBK","2001-11-09","5.2","5.2","5.2","3.43","7200"
"FRBK","2001-11-12","5.1","5.1","5.05","3.33","2800"
"FRBK","2001-11-13","5.12","5.12","5.03","3.35","9300"
"FRBK","2001-11-14","5.2","5.3","5.11","3.5","10100"
"FRBK","2001-11-15","5.12","5.3","5.12","3.4","25400"
"FRBK","2001-11-16","5.15","5.15","5.15","3.4","0"
"FRBK","2001-11-19","5.15","5.15","5.15","3.4","2900"
"FRBK","2001-11-20","5.15","5.16","5.15","3.4","4600"
"FRBK","2001-11-21","5.15","5.15","5.15","3.4","0"
"FRBK","2001-11-23","5.14","5.14","5.14","3.39","1300"
"FRBK","2001-11-26","5.3","5.3","5.05","3.41","7200"
"FRBK","2001-11-27","5.2","5.26","5.12","3.4","15400"
"FRBK","2001-11-28","5.25","5.25","5.2","3.47","4100"
"FRBK","2001-11-29","5.2","5.21","5.15","3.44","9600"
"FRBK","2001-11-30","5.16","5.21","5.16","3.44","1900"
"FRBK","2001-12-03","5.16","5.16","5.16","3.41","1800"
"FRBK","2001-12-04","5.16","5.2","5.12","3.43","13900"
"FRBK","2001-12-05","5.21","5.21","5.1","3.37","6000"
"FRBK","2001-12-06","5.15","5.19","5.11","3.37","152400"
"FRBK","2001-12-07","5.12","5.12","5.11","3.37","16600"
"FRBK","2001-12-10","5.11","5.11","5.08","3.35","4100"
"FRBK","2001-12-11","5.14","5.15","5.1","3.38","5500"
"FRBK","2001-12-12","5.1","5.1","5.0","3.3","35800"
"FRBK","2001-12-13","5.05","5.05","5.0","3.3","6900"
"FRBK","2001-12-14","5.0","5.0","5.0","3.3","1300"
"FRBK","2001-12-17","5.0","5.01","4.9","3.27","21300"
"FRBK","2001-12-18","4.95","5.05","4.95","3.29","61700"
"FRBK","2001-12-19","4.99","5.05","4.96","3.27","21000"
"FRBK","2001-12-20","4.95","5.0","4.95","3.3","2900"
"FRBK","2001-12-21","4.97","5.09","4.96","3.3","6000"
"FRBK","2001-12-24","5.09","5.09","5.0","3.3","1900"
"FRBK","2001-12-26","5.0","5.0","5.0","3.3","1500"
"FRBK","2001-12-27","5.01","5.01","4.95","3.27","2900"
"FRBK","2001-12-28","4.92","5.01","4.92","3.3","13300"
"FRBK","2001-12-31","4.93","4.94","4.91","3.26","2700"
"FRBK","2002-01-02","4.94","4.94","4.94","3.26","0"
"FRBK","2002-01-03","5.0","5.13","5.0","3.39","4800"
"FRBK","2002-01-04","5.13","5.2","5.13","3.4","5800"
"FRBK","2002-01-07","5.2","5.2","5.2","3.43","6600"
"FRBK","2002-01-08","5.16","5.16","5.16","3.41","900"
"FRBK","2002-01-09","5.16","5.16","5.16","3.41","0"
"FRBK","2002-01-10","5.25","5.3","5.2","3.5","6800"
"FRBK","2002-01-11","5.21","5.44","5.21","3.59","400"
"FRBK","2002-01-14","5.38","5.42","5.38","3.58","18500"
"FRBK","2002-01-15","5.42","5.42","5.27","3.55","10600"
"FRBK","2002-01-16","5.42","5.45","5.42","3.6","3300"
"FRBK","2002-01-17","5.44","5.44","5.43","3.59","1300"
"FRBK","2002-01-18","5.5","5.5","5.39","3.57","3400"
"FRBK","2002-01-22","5.4","5.4","5.4","3.57","0"
"FRBK","2002-01-23","5.39","5.4","5.39","3.57","600"
"FRBK","2002-01-24","5.32","5.4","5.32","3.53","3400"
"FRBK","2002-01-25","5.27","5.27","5.27","3.48","100"
"FRBK","2002-01-28","5.27","5.27","5.27","3.48","0"
"FRBK","2002-01-29","5.27","5.75","5.27","3.8","14900"
"FRBK","2002-01-30","5.27","5.45","5.27","3.49","12800"
"FRBK","2002-01-31","5.29","5.65","5.29","3.7","10200"
"FRBK","2002-02-01","5.65","5.68","5.35","3.7","25700"
"FRBK","2002-02-04","5.45","5.45","5.43","3.59","7500"
"FRBK","2002-02-05","5.49","5.49","5.49","3.62","300"
"FRBK","2002-02-06","5.48","5.6","5.45","3.6","160700"
"FRBK","2002-02-07","5.46","5.46","5.46","3.6","0"
"FRBK","2002-02-08","5.5","5.65","5.5","3.63","45900"
"FRBK","2002-02-11","5.5","5.5","5.4","3.63","10300"
"FRBK","2002-02-12","5.4","5.4","5.4","3.57","11800"
"FRBK","2002-02-13","5.5","5.5","5.4","3.57","17900"
"FRBK","2002-02-14","5.5","5.52","5.45","3.6","6000"
"FRBK","2002-02-15","5.5","5.55","5.45","3.62","25600"
"FRBK","2002-02-19","5.45","5.45","5.4","3.6","3100"
"FRBK","2002-02-20","5.45","5.45","5.42","3.58","19500"
"FRBK","2002-02-21","5.43","5.5","5.41","3.59","41600"
"FRBK","2002-02-22","5.48","5.79","5.45","3.63","35500"
"FRBK","2002-02-25","5.58","5.58","5.58","3.68","600"
"FRBK","2002-02-26","5.55","5.56","5.43","3.66","73500"
"FRBK","2002-02-27","5.52","5.55","5.52","3.66","4200"
"FRBK","2002-02-28","5.55","5.55","5.55","3.66","0"
"FRBK","2002-03-01","5.56","5.79","5.56","3.7","11800"
"FRBK","2002-03-04","5.5","5.7","5.5","3.76","2000"
"FRBK","2002-03-05","5.7","5.8","5.7","3.76","5000"
"FRBK","2002-03-06","5.7","5.85","5.7","3.86","7500"
"FRBK","2002-03-07","5.89","6.02","5.88","3.97","24200"
"FRBK","2002-03-08","6.0","6.19","5.97","4.03","24800"
"FRBK","2002-03-11","6.2","6.2","6.2","4.09","500"
"FRBK","2002-03-12","6.19","6.2","6.1","4.06","3400"
"FRBK","2002-03-13","6.1","6.22","6.0","4.06","18900"
"FRBK","2002-03-14","6.25","6.33","6.25","4.16","8800"
"FRBK","2002-03-15","6.3","6.39","6.21","4.22","3000"
"FRBK","2002-03-18","6.44","6.98","6.25","4.32","11800"
"FRBK","2002-03-19","6.54","6.6","6.5","4.29","7300"
"FRBK","2002-03-20","6.65","6.65","6.65","4.39","200"
"FRBK","2002-03-21","6.62","6.69","6.62","4.42","3900"
"FRBK","2002-03-22","6.69","6.69","6.69","4.42","1900"
"FRBK","2002-03-25","6.55","7.44","6.55","4.62","22500"
"FRBK","2002-03-26","7.0","7.0","6.5","4.32","10000"
"FRBK","2002-03-27","6.47","6.71","6.47","4.43","10300"
"FRBK","2002-03-28","6.51","6.51","6.51","4.3","10000"
"FRBK","2002-04-01","6.48","6.72","6.45","4.4","4400"
"FRBK","2002-04-02","6.75","6.75","6.65","4.39","12900"
"FRBK","2002-04-03","6.75","6.8","6.75","4.49","1300"
"FRBK","2002-04-04","6.65","6.65","6.61","4.36","6100"
"FRBK","2002-04-05","6.57","6.7","6.35","4.42","19900"
"FRBK","2002-04-08","6.68","6.68","6.68","4.41","900"
"FRBK","2002-04-09","6.35","6.35","6.35","4.19","100"
"FRBK","2002-04-10","6.6","6.65","6.05","4.19","5200"
"FRBK","2002-04-11","6.05","6.35","6.05","4.19","3600"
"FRBK","2002-04-12","6.35","6.6","6.0","4.36","12700"
"FRBK","2002-04-15","6.25","6.25","6.24","4.12","2200"
"FRBK","2002-04-16","6.3","6.35","6.2","4.09","3000"
"FRBK","2002-04-17","6.15","6.22","6.1","4.03","29700"
"FRBK","2002-04-18","6.15","6.2","6.15","4.09","15700"
"FRBK","2002-04-19","6.1","6.12","6.1","4.03","16100"
"FRBK","2002-04-22","6.13","6.13","6.0","3.96","2200"
"FRBK","2002-04-23","6.21","6.85","6.1","4.29","63100"
"FRBK","2002-04-24","6.57","6.8","6.5","4.29","35000"
"FRBK","2002-04-25","6.45","6.69","6.45","4.26","12600"
"FRBK","2002-04-26","6.42","6.42","6.42","4.24","3700"
"FRBK","2002-04-29","6.55","6.6","6.42","4.24","7000"
"FRBK","2002-04-30","6.42","6.42","6.4","4.23","8900"
"FRBK","2002-05-01","6.5","6.51","6.43","4.25","12200"
"FRBK","2002-05-02","6.51","6.51","6.51","4.3","100"
"FRBK","2002-05-03","6.51","6.64","6.51","4.38","1800"
"FRBK","2002-05-06","6.51","6.76","6.51","4.42","36800"
"FRBK","2002-05-07","6.75","6.75","6.51","4.3","33300"
"FRBK","2002-05-08","6.52","6.52","6.52","4.3","0"
"FRBK","2002-05-09","6.52","6.52","6.52","4.3","0"
"FRBK","2002-05-10","6.7","6.7","6.7","4.42","34800"
"FRBK","2002-05-13","6.85","6.95","6.6","4.49","4100"
"FRBK","2002-05-14","6.75","6.79","6.75","4.46","1400"
"FRBK","2002-05-15","6.67","6.67","6.67","4.4","800"
"FRBK","2002-05-16","6.61","6.61","6.61","4.36","2700"
"FRBK","2002-05-17","6.76","6.76","6.47","4.3","26000"
"FRBK","2002-05-20","6.83","6.85","6.6","4.39","5600"
"FRBK","2002-05-21","6.6","6.6","6.55","4.32","1400"
"FRBK","2002-05-22","6.55","6.55","6.55","4.32","0"
"FRBK","2002-05-23","6.57","6.57","6.57","4.34","500"
"FRBK","2002-05-24","6.57","6.57","6.57","4.34","0"
"FRBK","2002-05-28","6.55","6.93","6.5","4.42","11000"
"FRBK","2002-05-29","6.47","6.47","6.47","4.27","100"
"FRBK","2002-05-30","6.47","6.47","6.47","4.27","1500"
"FRBK","2002-05-31","6.48","6.48","6.48","4.28","900"
"FRBK","2002-06-03","6.5","6.5","6.5","4.29","300"
"FRBK","2002-06-04","6.65","6.65","6.45","4.3","13800"
"FRBK","2002-06-05","6.46","6.52","6.4","4.29","11200"
"FRBK","2002-06-06","6.45","6.55","6.35","4.32","28800"
"FRBK","2002-06-07","6.4","6.53","6.32","4.27","15900"
"FRBK","2002-06-10","6.4","6.54","6.4","4.32","4600"
"FRBK","2002-06-11","6.4","6.4","6.4","4.23","1300"
"FRBK","2002-06-12","6.41","6.41","6.4","4.23","5000"
"FRBK","2002-06-13","6.25","6.26","6.25","4.13","300"
"FRBK","2002-06-14","6.26","6.26","6.26","4.13","1400"
"FRBK","2002-06-17","6.26","6.26","6.26","4.13","200"
"FRBK","2002-06-18","6.4","6.41","6.4","4.23","2600"
"FRBK","2002-06-19","6.41","6.41","6.41","4.23","0"
"FRBK","2002-06-20","6.53","6.53","6.26","4.2","6100"
"FRBK","2002-06-21","6.5","6.52","6.5","4.3","2700"
"FRBK","2002-06-24","6.53","6.57","6.45","4.26","2900"
"FRBK","2002-06-25","6.46","6.5","6.46","4.27","1400"
"FRBK","2002-06-26","6.45","6.45","6.42","4.24","1600"
"FRBK","2002-06-27","6.57","6.57","6.2","4.13","10000"
"FRBK","2002-06-28","6.25","6.49","6.25","4.19","5200"
"FRBK","2002-07-01","6.35","6.35","6.35","4.19","0"
"FRBK","2002-07-02","6.29","6.29","6.0","4.06","5600"
"FRBK","2002-07-03","6.3","6.3","6.05","3.99","3300"
"FRBK","2002-07-05","6.07","6.07","6.07","4.01","400"
"FRBK","2002-07-08","6.07","6.07","6.07","4.01","0"
"FRBK","2002-07-09","6.05","6.05","6.0","3.97","5700"
"FRBK","2002-07-10","6.13","6.13","6.0","3.96","15000"
"FRBK","2002-07-11","6.03","6.05","5.9","3.9","17600"
"FRBK","2002-07-12","5.91","5.91","5.9","3.9","6800"
"FRBK","2002-07-15","5.9","5.9","5.78","3.82","9200"
"FRBK","2002-07-16","5.8","5.8","5.8","3.83","100"
"FRBK","2002-07-17","5.78","5.9","5.78","3.9","1700"
"FRBK","2002-07-18","5.89","5.89","5.89","3.89","100"
"FRBK","2002-07-19","5.76","5.76","5.76","3.8","4100"
"FRBK","2002-07-22","5.7","5.7","4.61","3.65","17200"
"FRBK","2002-07-23","5.25","5.55","5.0","3.4","14300"
"FRBK","2002-07-24","5.47","5.47","5.02","3.33","29300"
"FRBK","2002-07-25","5.12","5.36","5.11","3.54","8600"
"FRBK","2002-07-26","5.25","5.4","5.0","3.57","1700"
"FRBK","2002-07-29","5.39","5.7","5.39","3.64","12600"
"FRBK","2002-07-30","5.3","5.66","5.3","3.74","300"
"FRBK","2002-07-31","5.3","5.4","5.22","3.45","9200"
"FRBK","2002-08-01","5.6","5.69","5.16","3.72","10100"
"FRBK","2002-08-02","5.66","5.99","5.65","3.86","8000"
"FRBK","2002-08-05","5.85","5.85","5.85","3.86","0"
"FRBK","2002-08-06","5.79","5.79","5.78","3.82","400"
"FRBK","2002-08-07","5.97","5.97","5.71","3.89","8600"
"FRBK","2002-08-08","5.97","5.97","5.71","3.94","2800"
"FRBK","2002-08-09","5.9","5.9","5.81","3.84","1700"
"FRBK","2002-08-12","5.8","5.8","5.7","3.77","18500"
"FRBK","2002-08-13","5.72","5.72","5.71","3.77","2200"
"FRBK","2002-08-14","5.71","5.72","5.71","3.78","4100"
"FRBK","2002-08-15","5.81","5.81","5.77","3.81","3700"
"FRBK","2002-08-16","5.81","5.91","5.81","3.9","6300"
"FRBK","2002-08-19","5.9","5.99","5.9","3.95","500"
"FRBK","2002-08-20","5.9","6.0","5.9","3.96","5600"
"FRBK","2002-08-21","5.81","6.23","5.72","3.97","11800"
"FRBK","2002-08-22","6.15","6.15","6.0","3.99","7200"
"FRBK","2002-08-23","6.04","6.04","6.04","3.99","400"
"FRBK","2002-08-26","5.72","6.05","5.72","3.9","8000"
"FRBK","2002-08-27","6.05","6.05","5.9","3.9","3100"
"FRBK","2002-08-28","5.9","6.11","5.8","3.99","3000"
"FRBK","2002-08-29","6.05","6.36","6.05","4.0","10300"
"FRBK","2002-08-30","6.07","6.07","5.81","3.84","4600"
"FRBK","2002-09-03","5.8","5.88","5.8","3.84","2400"
"FRBK","2002-09-04","5.88","5.88","5.88","3.88","400"
"FRBK","2002-09-05","5.92","5.98","5.81","3.92","5300"
"FRBK","2002-09-06","5.83","5.92","5.82","3.9","6700"
"FRBK","2002-09-09","5.93","5.95","5.9","3.9","37100"
"FRBK","2002-09-10","5.9","6.0","5.9","3.92","11000"
"FRBK","2002-09-11","5.95","5.95","5.95","3.93","100"
"FRBK","2002-09-12","5.96","5.97","5.96","3.94","300"
"FRBK","2002-09-13","5.81","5.89","5.81","3.84","10300"
"FRBK","2002-09-16","5.83","5.87","5.83","3.88","500"
"FRBK","2002-09-17","5.83","5.85","5.83","3.86","700"
"FRBK","2002-09-18","5.89","6.0","5.89","3.96","6700"
"FRBK","2002-09-19","6.01","6.14","5.99","4.05","1700"
"FRBK","2002-09-20","6.13","6.13","5.99","3.96","61300"
"FRBK","2002-09-23","5.99","5.99","5.24","3.47","45900"
"FRBK","2002-09-24","5.25","5.39","5.25","3.47","2000"
"FRBK","2002-09-25","5.59","5.59","5.25","3.54","6600"
"FRBK","2002-09-26","5.49","5.6","5.36","3.54","17600"
"FRBK","2002-09-27","5.44","5.44","5.35","3.53","3700"
"FRBK","2002-09-30","5.35","5.37","5.35","3.54","2900"
"FRBK","2002-10-01","5.52","5.52","5.52","3.64","200"
"FRBK","2002-10-02","5.46","5.66","5.45","3.6","32100"
"FRBK","2002-10-03","5.4","5.63","5.37","3.6","1700"
"FRBK","2002-10-04","5.5","5.62","5.45","3.71","1300"
"FRBK","2002-10-07","5.4","5.4","5.25","3.47","3000"
"FRBK","2002-10-08","5.39","5.39","5.26","3.47","2400"
"FRBK","2002-10-09","5.33","5.33","5.32","3.51","700"
"FRBK","2002-10-10","5.26","5.3","5.26","3.5","8600"
"FRBK","2002-10-11","5.34","5.34","5.26","3.47","600"
"FRBK","2002-10-14","5.26","5.26","5.26","3.47","0"
"FRBK","2002-10-15","5.35","5.45","5.27","3.48","8200"
"FRBK","2002-10-16","5.4","5.44","5.27","3.59","1500"
"FRBK","2002-10-17","5.46","5.55","5.41","3.57","1400"
"FRBK","2002-10-18","5.44","5.44","5.44","3.59","300"
"FRBK","2002-10-21","5.37","5.37","5.37","3.55","300"
"FRBK","2002-10-22","5.29","5.3","5.29","3.5","900"
"FRBK","2002-10-23","5.3","5.37","5.3","3.5","8900"
"FRBK","2002-10-24","5.3","5.44","5.25","3.47","30300"
"FRBK","2002-10-25","5.26","5.26","5.26","3.47","1600"
"FRBK","2002-10-28","5.5","5.96","5.5","3.83","11400"
"FRBK","2002-10-29","5.76","5.76","5.7","3.76","3600"
"FRBK","2002-10-30","5.71","5.71","5.71","3.77","500"
"FRBK","2002-10-31","5.67","5.67","5.5","3.63","700"
"FRBK","2002-11-01","5.67","5.74","5.6","3.79","3900"
"FRBK","2002-11-04","5.76","5.76","5.6","3.7","3700"
"FRBK","2002-11-05","5.63","5.76","5.63","3.8","4800"
"FRBK","2002-11-06","5.75","6.0","5.75","3.96","15700"
"FRBK","2002-11-07","5.91","6.0","5.89","3.9","8000"
"FRBK","2002-11-08","5.88","5.88","5.88","3.88","900"
"FRBK","2002-11-11","5.85","5.85","5.37","3.68","22600"
"FRBK","2002-11-12","5.65","6.02","5.5","3.83","9200"
"FRBK","2002-11-13","5.8","5.8","5.8","3.83","0"
"FRBK","2002-11-14","5.94","6.07","5.94","4.01","600"
"FRBK","2002-11-15","5.66","5.92","5.65","3.85","2400"
"FRBK","2002-11-18","5.7","5.71","5.7","3.77","1700"
"FRBK","2002-11-19","5.7","5.86","5.6","3.7","5000"
"FRBK","2002-11-20","5.6","5.79","5.6","3.82","3000"
"FRBK","2002-11-21","5.92","5.92","5.51","3.82","20600"
"FRBK","2002-11-22","5.86","6.05","5.8","3.99","52200"
"FRBK","2002-11-25","6.06","6.06","5.91","3.96","5700"
"FRBK","2002-11-26","6.0","6.0","6.0","3.96","5800"
"FRBK","2002-11-27","6.05","6.1","6.0","3.96","11200"
"FRBK","2002-11-29","6.1","6.2","6.1","4.09","1700"
"FRBK","2002-12-02","6.11","6.18","6.01","4.05","5200"
"FRBK","2002-12-03","6.02","6.2","5.95","4.03","30300"
"FRBK","2002-12-04","6.2","6.2","6.2","4.09","19900"
"FRBK","2002-12-05","6.2","6.2","6.2","4.09","0"
"FRBK","2002-12-06","6.08","6.08","6.0","3.96","3900"
"FRBK","2002-12-09","6.0","6.07","6.0","4.01","10800"
"FRBK","2002-12-10","6.02","6.02","6.02","3.97","100"
"FRBK","2002-12-11","6.05","6.16","6.03","3.99","21400"
"FRBK","2002-12-12","6.03","6.33","6.0","4.11","51500"
"FRBK","2002-12-13","6.15","6.21","6.06","4.01","4200"
"FRBK","2002-12-16","6.06","6.18","6.06","4.08","4100"
"FRBK","2002-12-17","6.12","6.25","6.11","4.05","15100"
"FRBK","2002-12-18","6.25","6.56","6.25","4.23","19500"
"FRBK","2002-12-19","6.44","6.5","6.41","4.29","12700"
"FRBK","2002-12-20","6.54","6.56","6.42","4.24","8200"
"FRBK","2002-12-23","6.43","6.43","6.43","4.25","700"
"FRBK","2002-12-24","6.43","6.53","6.43","4.29","24700"
"FRBK","2002-12-26","6.55","6.55","6.42","4.31","12200"
"FRBK","2002-12-27","6.5","6.55","6.46","4.3","11200"
"FRBK","2002-12-30","6.5","6.5","6.5","4.29","1300"
"FRBK","2002-12-31","6.51","6.51","6.5","4.29","5700"
"FRBK","2003-01-02","6.5","6.55","6.45","4.32","52300"
"FRBK","2003-01-03","6.42","6.42","6.42","4.24","4500"
"FRBK","2003-01-06","6.4","6.42","6.36","4.2","2200"
"FRBK","2003-01-07","6.36","6.45","6.2","4.19","34600"
"FRBK","2003-01-08","6.34","6.34","6.34","4.19","0"
"FRBK","2003-01-09","6.26","6.4","6.26","4.23","900"
"FRBK","2003-01-10","6.45","6.6","6.45","4.33","11300"
"FRBK","2003-01-13","6.35","6.55","6.25","4.29","10800"
"FRBK","2003-01-14","6.41","6.41","6.41","4.23","1700"
"FRBK","2003-01-15","6.42","6.51","6.26","4.29","44700"
"FRBK","2003-01-16","6.43","6.6","6.43","4.3","19600"
"FRBK","2003-01-17","6.5","6.55","6.44","4.32","6600"
"FRBK","2003-01-21","6.44","6.6","6.2","4.33","18700"
"FRBK","2003-01-22","6.6","6.75","6.59","4.46","20500"
"FRBK","2003-01-23","6.7","6.75","6.63","4.46","48000"
"FRBK","2003-01-24","6.69","6.69","6.69","4.42","100"
"FRBK","2003-01-27","6.69","6.72","6.6","4.36","7300"
"FRBK","2003-01-28","6.6","6.61","6.5","4.3","26700"
"FRBK","2003-01-29","6.45","6.52","6.4","4.27","15200"
"FRBK","2003-01-30","6.49","6.6","6.42","4.36","17800"
"FRBK","2003-01-31","6.54","6.59","6.54","4.33","4600"
"FRBK","2003-02-03","6.52","6.61","6.52","4.35","2600"
"FRBK","2003-02-04","6.51","6.55","6.51","4.3","2400"
"FRBK","2003-02-05","6.5","6.53","6.5","4.3","8600"
"FRBK","2003-02-06","6.52","6.52","6.52","4.3","0"
"FRBK","2003-02-07","6.5","6.54","6.45","4.28","33600"
"FRBK","2003-02-10","6.64","7.25","6.59","4.48","17800"
"FRBK","2003-02-11","6.6","6.9","6.6","4.53","4900"
"FRBK","2003-02-12","6.96","6.96","6.82","4.52","2800"
"FRBK","2003-02-13","6.85","6.85","6.81","4.5","1700"
"FRBK","2003-02-14","6.72","6.74","6.71","4.45","3100"
"FRBK","2003-02-18","6.71","6.76","6.5","4.31","26100"
"FRBK","2003-02-19","6.62","6.77","6.62","4.44","92700"
"FRBK","2003-02-20","6.77","6.99","6.77","4.5","7900"
"FRBK","2003-02-21","6.92","7.23","6.89","4.77","49800"
"FRBK","2003-02-24","7.24","7.43","7.23","4.91","19100"
"FRBK","2003-02-25","7.44","7.44","7.3","4.87","12400"
"FRBK","2003-02-26","7.28","7.39","7.28","4.88","700"
"FRBK","2003-02-27","7.28","7.4","7.28","4.87","3300"
"FRBK","2003-02-28","7.39","7.58","7.37","5.0","13700"
"FRBK","2003-03-03","7.45","7.59","7.45","5.01","1700"
"FRBK","2003-03-04","7.54","7.55","7.47","4.95","9300"
"FRBK","2003-03-05","7.58","7.69","7.58","5.08","6700"
"FRBK","2003-03-06","7.64","7.74","7.48","4.94","6600"
"FRBK","2003-03-07","7.48","7.5","7.48","4.94","11100"
"FRBK","2003-03-10","7.48","7.5","7.48","4.94","10000"
"FRBK","2003-03-11","7.48","7.56","7.48","4.95","10100"
"FRBK","2003-03-12","7.48","7.5","7.44","4.95","20200"
"FRBK","2003-03-13","7.5","7.6","7.5","5.02","30500"
"FRBK","2003-03-14","7.51","7.52","7.5","4.96","16600"
"FRBK","2003-03-17","7.51","7.62","7.4","4.96","10600"
"FRBK","2003-03-18","7.46","7.56","7.45","4.99","2800"
"FRBK","2003-03-19","7.6","7.61","7.45","4.98","6200"
"FRBK","2003-03-20","7.5","7.54","7.45","4.96","2200"
"FRBK","2003-03-21","7.51","7.56","7.45","4.99","6300"
"FRBK","2003-03-24","7.47","7.67","7.47","5.06","18500"
"FRBK","2003-03-25","7.61","7.68","7.47","4.99","12700"
"FRBK","2003-03-26","7.51","7.55","7.27","4.98","11000"
"FRBK","2003-03-27","7.58","7.67","7.56","4.99","12600"
"FRBK","2003-03-28","7.69","7.83","7.69","5.17","900"
"FRBK","2003-03-31","7.85","7.89","7.08","4.89","17600"
"FRBK","2003-04-01","7.41","7.76","7.41","4.99","9000"
"FRBK","2003-04-02","7.66","7.76","7.66","5.08","4900"
"FRBK","2003-04-03","7.82","7.82","7.66","5.06","5300"
"FRBK","2003-04-04","7.62","7.81","7.62","5.16","29000"
"FRBK","2003-04-07","7.8","7.95","7.69","5.12","27000"
"FRBK","2003-04-08","7.71","7.71","7.71","5.09","700"
"FRBK","2003-04-09","7.69","7.75","7.69","5.08","3400"
"FRBK","2003-04-10","7.73","7.8","7.73","5.15","5300"
"FRBK","2003-04-11","7.8","7.89","7.75","5.16","8400"
"FRBK","2003-04-14","7.72","7.75","7.68","5.12","9700"
"FRBK","2003-04-15","7.68","7.93","7.68","5.2","7700"
"FRBK","2003-04-16","7.95","7.95","7.82","5.16","1400"
"FRBK","2003-04-17","7.93","7.93","7.84","5.18","65500"
"FRBK","2003-04-21","8.0","8.0","7.84","5.2","17200"
"FRBK","2003-04-22","7.8","7.95","7.6","5.14","33200"
"FRBK","2003-04-23","7.2","7.97","6.86","5.14","24300"
"FRBK","2003-04-24","7.8","7.9","7.79","5.15","51100"
"FRBK","2003-04-25","7.8","7.85","7.8","5.18","65500"
"FRBK","2003-04-28","7.8","7.9","7.8","5.16","6600"
"FRBK","2003-04-29","7.9","7.9","7.85","5.19","1800"
"FRBK","2003-04-30","7.9","7.91","7.87","5.22","9600"
"FRBK","2003-05-01","7.9","8.1","7.9","5.35","16700"
"FRBK","2003-05-02","8.05","8.15","8.05","5.38","5000"
"FRBK","2003-05-05","8.18","8.18","8.05","5.31","16600"
"FRBK","2003-05-06","8.11","8.63","8.11","5.49","11400"
"FRBK","2003-05-07","8.3","8.3","8.15","5.39","4000"
"FRBK","2003-05-08","8.18","8.18","8.16","5.39","1600"
"FRBK","2003-05-09","8.15","8.15","8.14","5.38","4100"
"FRBK","2003-05-12","8.03","8.11","7.96","5.35","4000"
"FRBK","2003-05-13","8.16","8.16","8.15","5.38","2700"
"FRBK","2003-05-14","8.15","8.15","8.0","5.29","25500"
"FRBK","2003-05-15","8.1","8.18","8.08","5.37","1900"
"FRBK","2003-05-16","8.2","8.2","8.09","5.35","9300"
"FRBK","2003-05-19","8.09","8.09","8.09","5.34","600"
"FRBK","2003-05-20","8.1","8.31","8.09","5.34","10300"
"FRBK","2003-05-21","8.16","8.2","8.0","5.35","11500"
"FRBK","2003-05-22","8.19","8.19","8.05","5.33","17200"
"FRBK","2003-05-23","8.16","8.2","8.08","5.41","11300"
"FRBK","2003-05-27","8.19","8.19","8.1","5.38","3700"
"FRBK","2003-05-28","8.1","8.43","8.06","5.5","23500"
"FRBK","2003-05-29","8.26","8.33","8.24","5.45","8900"
"FRBK","2003-05-30","8.15","8.32","8.15","5.49","6700"
"FRBK","2003-06-02","8.42","8.44","8.15","5.39","24200"
"FRBK","2003-06-03","8.15","8.24","8.11","5.41","21800"
"FRBK","2003-06-04","8.24","8.35","8.17","5.47","7700"
"FRBK","2003-06-05","8.17","8.17","8.17","5.39","100"
"FRBK","2003-06-06","8.15","8.29","8.15","5.39","28300"
"FRBK","2003-06-09","8.15","8.3","8.15","5.46","4800"
"FRBK","2003-06-10","8.22","8.39","8.22","5.48","17300"
"FRBK","2003-06-11","8.3","8.38","8.3","5.53","2600"
"FRBK","2003-06-12","8.32","8.32","8.3","5.48","23900"
"FRBK","2003-06-13","8.39","8.4","8.31","5.49","3700"
"FRBK","2003-06-16","8.3","8.39","8.29","5.53","13500"
"FRBK","2003-06-17","8.3","8.3","8.3","5.48","400"
"FRBK","2003-06-18","8.3","8.37","8.3","5.53","2800"
"FRBK","2003-06-19","8.37","8.4","8.3","5.48","13700"
"FRBK","2003-06-20","8.31","8.31","8.3","5.48","11400"
"FRBK","2003-06-23","8.3","8.4","8.3","5.48","11800"
"FRBK","2003-06-24","8.3","8.35","8.3","5.51","3100"
"FRBK","2003-06-25","8.05","8.39","8.05","5.49","20300"
"FRBK","2003-06-26","8.31","8.38","8.31","5.49","1500"
"FRBK","2003-06-27","8.38","8.4","8.31","5.54","24700"
"FRBK","2003-06-30","8.31","8.31","7.75","5.24","38100"
"FRBK","2003-07-01","7.93","8.09","7.85","5.28","41300"
"FRBK","2003-07-02","8.01","8.18","8.01","5.33","5300"
"FRBK","2003-07-03","8.12","8.14","8.1","5.37","11200"
"FRBK","2003-07-07","8.21","8.21","8.09","5.4","4900"
"FRBK","2003-07-08","8.19","8.19","8.19","5.41","2600"
"FRBK","2003-07-09","8.19","8.21","8.0","5.33","20900"
"FRBK","2003-07-10","8.08","8.18","8.08","5.33","2600"
"FRBK","2003-07-11","8.1","8.1","7.9","5.32","12700"
"FRBK","2003-07-14","8.12","8.12","8.0","5.28","8900"
"FRBK","2003-07-15","8.11","8.32","8.05","5.48","16000"
"FRBK","2003-07-16","8.25","8.3","8.18","5.41","17600"
"FRBK","2003-07-17","8.2","8.27","8.18","5.42","3300"
"FRBK","2003-07-18","8.09","8.1","7.99","5.28","15200"
"FRBK","2003-07-21","8.05","8.05","7.96","5.26","6000"
"FRBK","2003-07-22","8.07","8.07","8.04","5.31","3900"
"FRBK","2003-07-23","7.96","7.96","7.96","5.26","600"
"FRBK","2003-07-24","8.0","8.01","7.96","5.28","6900"
"FRBK","2003-07-25","8.01","8.05","8.0","5.31","11800"
"FRBK","2003-07-28","8.08","8.2","7.96","5.26","6600"
"FRBK","2003-07-29","8.17","8.2","8.11","5.35","7000"
"FRBK","2003-07-30","8.15","8.28","8.15","5.41","12700"
"FRBK","2003-07-31","8.2","8.22","8.2","5.43","1400"
"FRBK","2003-08-01","8.25","8.25","8.21","5.44","5800"
"FRBK","2003-08-04","8.24","8.26","8.1","5.37","6900"
"FRBK","2003-08-05","8.04","8.15","7.99","5.37","9200"
"FRBK","2003-08-06","8.19","8.19","8.1","5.35","1300"
"FRBK","2003-08-07","8.12","8.12","8.1","5.35","8600"
"FRBK","2003-08-08","8.11","8.25","8.11","5.45","6200"
"FRBK","2003-08-11","8.25","8.3","8.25","5.47","3600"
"FRBK","2003-08-12","8.24","8.24","8.15","5.44","3600"
"FRBK","2003-08-13","8.25","8.34","8.25","5.51","3700"
"FRBK","2003-08-14","8.35","8.44","8.3","5.57","9300"
"FRBK","2003-08-15","8.43","8.43","8.43","5.57","0"
"FRBK","2003-08-18","8.45","8.45","8.45","5.58","500"
"FRBK","2003-08-19","8.34","8.46","8.34","5.59","1300"
"FRBK","2003-08-20","8.35","8.61","8.35","5.55","24300"
"FRBK","2003-08-21","8.42","8.51","8.42","5.62","7200"
"FRBK","2003-08-22","8.57","8.6","8.53","5.63","2700"
"FRBK","2003-08-25","8.6","8.63","8.42","5.56","9000"
"FRBK","2003-08-26","8.55","8.55","8.3","5.49","11600"
"FRBK","2003-08-27","8.4","8.4","8.4","5.55","1400"
"FRBK","2003-08-28","8.48","9.0","8.48","5.8","23500"
"FRBK","2003-08-29","9.0","9.07","9.0","5.95","3600"
"FRBK","2003-09-02","9.01","9.18","8.96","5.95","10300"
"FRBK","2003-09-03","9.16","9.43","9.01","6.18","23900"
"FRBK","2003-09-04","9.45","10.07","9.4","6.6","46500"
"FRBK","2003-09-05","10.0","10.27","9.7","6.59","58600"
"FRBK","2003-09-08","9.77","9.99","9.67","6.44","24400"
"FRBK","2003-09-09","9.76","9.94","9.54","6.38","15000"
"FRBK","2003-09-10","9.7","9.7","9.25","6.27","12500"
"FRBK","2003-09-11","9.58","9.95","9.51","6.48","29200"
"FRBK","2003-09-12","9.82","10.0","9.82","6.54","8800"
"FRBK","2003-09-15","10.01","10.48","10.0","6.71","17800"
"FRBK","2003-09-16","10.19","10.39","10.18","6.73","20500"
"FRBK","2003-09-17","10.34","10.6","10.25","6.99","15400"
"FRBK","2003-09-18","10.57","10.88","10.56","6.97","15100"
"FRBK","2003-09-19","10.53","10.53","10.05","6.64","17900"
"FRBK","2003-09-22","10.25","11.39","10.21","7.26","106700"
"FRBK","2003-09-23","10.88","11.3","10.88","7.46","40100"
"FRBK","2003-09-24","11.2","11.35","11.18","7.43","13900"
"FRBK","2003-09-25","11.24","11.64","11.22","7.57","35300"
"FRBK","2003-09-26","11.4","11.89","11.26","7.76","25800"
"FRBK","2003-09-29","11.75","11.99","11.75","7.8","15900"
"FRBK","2003-09-30","11.81","11.83","11.5","7.8","21200"
"FRBK","2003-10-01","11.9","12.0","11.62","7.9","38100"
"FRBK","2003-10-02","11.99","12.02","11.68","7.79","37500"
"FRBK","2003-10-03","11.92","11.99","11.88","7.88","38500"
"FRBK","2003-10-06","11.94","11.94","11.85","7.83","35800"
"FRBK","2003-10-07","11.84","11.84","11.63","7.78","31400"
"FRBK","2003-10-08","10.9","11.74","10.85","7.69","23800"
"FRBK","2003-10-09","11.6","11.6","11.01","7.46","23100"
"FRBK","2003-10-10","11.25","11.25","10.8","7.16","22500"
"FRBK","2003-10-13","11.06","11.06","10.7","7.06","6800"
"FRBK","2003-10-14","10.7","10.84","10.65","7.16","25800"
"FRBK","2003-10-15","10.84","10.84","10.66","7.16","6600"
"FRBK","2003-10-16","10.85","10.85","10.85","7.16","1300"
"FRBK","2003-10-17","10.67","10.85","10.67","7.16","1600"
"FRBK","2003-10-20","10.65","10.9","10.65","7.2","14000"
"FRBK","2003-10-21","10.89","10.89","10.64","7.06","14700"
"FRBK","2003-10-22","10.88","10.88","10.2","6.77","13300"
"FRBK","2003-10-23","10.2","10.3","10.02","6.8","55800"
"FRBK","2003-10-24","10.16","11.0","10.16","7.1","25900"
"FRBK","2003-10-27","11.01","11.01","10.4","7.13","34300"
"FRBK","2003-10-28","10.9","10.99","10.5","7.09","12300"
"FRBK","2003-10-29","10.75","11.22","10.71","7.28","34100"
"FRBK","2003-10-30","11.03","11.33","11.0","7.43","16300"
"FRBK","2003-10-31","11.33","11.33","11.16","7.48","6300"
"FRBK","2003-11-03","11.35","11.35","11.0","7.41","25800"
"FRBK","2003-11-04","11.25","12.7","11.2","8.25","39400"
"FRBK","2003-11-05","12.7","12.85","12.21","8.25","27500"
"FRBK","2003-11-06","12.54","12.81","12.25","8.25","21200"
"FRBK","2003-11-07","13.0","14.66","12.23","9.24","59000"
"FRBK","2003-11-10","14.2","14.2","12.61","8.69","52600"
"FRBK","2003-11-11","13.1","13.22","12.5","8.65","70900"
"FRBK","2003-11-12","13.2","13.2","13.01","8.65","10600"
"FRBK","2003-11-13","13.2","13.2","13.0","8.65","16100"
"FRBK","2003-11-14","13.2","13.5","12.57","8.32","22300"
"FRBK","2003-11-17","12.58","13.27","12.58","8.72","18300"
"FRBK","2003-11-18","13.0","13.29","13.0","8.69","4900"
"FRBK","2003-11-19","12.75","12.99","12.65","8.58","19600"
"FRBK","2003-11-20","12.95","12.98","12.7","8.39","22300"
"FRBK","2003-11-21","12.61","13.24","12.61","8.71","8400"
"FRBK","2003-11-24","12.86","13.25","12.86","8.51","3900"
"FRBK","2003-11-25","13.01","13.2","12.82","8.58","35400"
"FRBK","2003-11-26","13.09","13.12","13.09","8.64","2900"
"FRBK","2003-11-28","13.24","13.24","13.01","8.59","400"
"FRBK","2003-12-01","12.93","13.13","12.69","8.45","7200"
"FRBK","2003-12-02","12.74","12.74","12.5","8.37","9300"
"FRBK","2003-12-03","12.69","13.15","12.69","8.68","12800"
"FRBK","2003-12-04","13.13","13.13","13.0","8.65","13400"
"FRBK","2003-12-05","13.01","13.19","12.8","8.58","11500"
"FRBK","2003-12-08","12.85","12.93","12.85","8.54","300"
"FRBK","2003-12-09","12.7","13.0","12.7","8.39","2200"
"FRBK","2003-12-10","12.99","12.99","12.69","8.56","1600"
"FRBK","2003-12-11","12.75","13.01","12.7","8.39","4200"
"FRBK","2003-12-12","13.0","13.04","12.5","8.43","14700"
"FRBK","2003-12-15","12.81","12.81","11.9","8.06","12600"
"FRBK","2003-12-16","12.2","12.63","12.06","8.32","17200"
"FRBK","2003-12-17","12.01","12.66","12.01","8.29","4100"
"FRBK","2003-12-18","12.11","12.55","12.05","8.19","4600"
"FRBK","2003-12-19","12.19","12.38","12.0","8.12","13500"
"FRBK","2003-12-22","12.09","12.3","11.89","7.98","2000"
"FRBK","2003-12-23","12.08","12.5","12.0","7.92","6200"
"FRBK","2003-12-24","12.0","12.0","12.0","7.92","0"
"FRBK","2003-12-26","12.5","12.5","12.5","8.25","200"
"FRBK","2003-12-29","12.47","12.47","11.93","7.96","5200"
"FRBK","2003-12-30","12.32","12.5","11.97","7.99","7900"
"FRBK","2003-12-31","12.1","12.25","12.08","8.05","2600"
"FRBK","2004-01-02","12.12","12.44","12.06","7.96","5800"
"FRBK","2004-01-05","11.96","12.0","11.96","7.92","2800"
"FRBK","2004-01-06","11.92","12.04","11.85","7.86","14100"
"FRBK","2004-01-07","11.9","11.9","11.8","7.84","21800"
"FRBK","2004-01-08","11.8","11.95","11.77","7.77","16300"
"FRBK","2004-01-09","11.9","12.09","11.86","7.92","7900"
"FRBK","2004-01-12","11.98","12.17","11.77","7.82","31400"
"FRBK","2004-01-13","11.85","12.1","11.76","7.76","3400"
"FRBK","2004-01-14","11.94","12.07","11.82","7.82","4000"
"FRBK","2004-01-15","11.85","12.05","11.36","7.57","87700"
"FRBK","2004-01-16","11.47","12.08","11.47","7.98","68300"
"FRBK","2004-01-20","12.08","12.08","11.82","7.83","31100"
"FRBK","2004-01-21","12.05","12.13","11.95","7.92","20300"
"FRBK","2004-01-22","12.13","12.13","11.9","7.96","25700"
"FRBK","2004-01-23","11.95","12.04","11.95","7.94","14300"
"FRBK","2004-01-26","12.1","12.1","12.0","7.96","25700"
"FRBK","2004-01-27","12.2","12.2","12.04","7.99","10200"
"FRBK","2004-01-28","12.2","12.25","12.05","7.96","11600"
"FRBK","2004-01-29","12.3","12.3","12.1","8.06","1700"
"FRBK","2004-01-30","12.25","12.3","12.24","8.08","13700"
"FRBK","2004-02-02","12.2","12.29","12.2","8.09","7000"
"FRBK","2004-02-03","12.26","12.29","12.04","7.99","22700"
"FRBK","2004-02-04","12.1","12.15","12.04","7.99","5500"
"FRBK","2004-02-05","12.2","12.34","12.2","8.12","19000"
"FRBK","2004-02-06","12.31","12.31","12.06","7.96","4200"
"FRBK","2004-02-09","12.11","12.35","12.11","8.15","7200"
"FRBK","2004-02-10","12.26","12.32","12.24","8.13","6000"
"FRBK","2004-02-11","12.39","12.5","12.29","8.19","22600"
"FRBK","2004-02-12","12.45","12.77","12.32","8.19","12900"
"FRBK","2004-02-13","12.69","12.78","12.39","8.25","6000"
"FRBK","2004-02-17","12.26","12.52","12.26","8.27","3000"
"FRBK","2004-02-18","12.99","12.99","12.41","8.37","4400"
"FRBK","2004-02-19","12.73","12.9","12.51","8.42","25900"
"FRBK","2004-02-20","12.61","13.12","12.5","8.66","15500"
"FRBK","2004-02-23","12.75","13.04","12.75","8.54","6100"
"FRBK","2004-02-24","12.86","12.86","12.7","8.4","12100"
"FRBK","2004-02-25","12.65","12.95","12.65","8.44","7000"
"FRBK","2004-02-26","12.93","12.93","12.84","8.48","4500"
"FRBK","2004-02-27","12.67","13.0","12.33","8.38","29800"
"FRBK","2004-03-01","12.9","12.98","12.75","8.57","900"
"FRBK","2004-03-02","13.5","13.5","12.81","8.46","3300"
"FRBK","2004-03-03","12.8","12.8","12.76","8.42","700"
"FRBK","2004-03-04","12.76","12.99","12.61","8.33","5200"
"FRBK","2004-03-05","12.71","12.9","12.61","8.52","1600"
"FRBK","2004-03-08","12.79","13.16","12.61","8.63","7700"
"FRBK","2004-03-09","12.98","13.0","12.6","8.51","6900"
"FRBK","2004-03-10","12.45","12.85","12.42","8.32","12900"
"FRBK","2004-03-11","12.61","12.85","12.5","8.48","5600"
"FRBK","2004-03-12","12.75","13.0","12.75","8.58","2000"
"FRBK","2004-03-15","12.78","13.0","12.75","8.58","3900"
"FRBK","2004-03-16","12.76","12.99","12.64","8.58","3700"
"FRBK","2004-03-17","12.99","12.99","12.8","8.45","3000"
"FRBK","2004-03-18","12.68","12.99","12.68","8.58","1900"
"FRBK","2004-03-19","12.99","13.0","12.72","8.55","6600"
"FRBK","2004-03-22","12.54","13.0","12.54","8.58","4400"
"FRBK","2004-03-23","12.99","13.03","12.71","8.6","5200"
"FRBK","2004-03-24","12.99","13.04","12.75","8.58","13900"
"FRBK","2004-03-25","13.0","13.0","12.94","8.55","4900"
"FRBK","2004-03-26","12.86","12.98","12.85","8.57","4600"
"FRBK","2004-03-29","12.99","13.05","12.93","8.55","4200"
"FRBK","2004-03-30","13.2","13.24","12.95","8.56","5000"
"FRBK","2004-03-31","13.0","13.0","12.96","8.58","500"
"FRBK","2004-04-01","12.76","13.01","12.76","8.56","4500"
"FRBK","2004-04-02","12.97","12.98","12.8","8.57","1400"
"FRBK","2004-04-05","12.79","12.95","12.74","8.54","4800"
"FRBK","2004-04-06","12.76","12.76","12.71","8.4","2800"
"FRBK","2004-04-07","12.99","12.99","12.71","8.39","3000"
"FRBK","2004-04-08","12.99","13.06","12.78","8.57","2700"
"FRBK","2004-04-12","12.8","12.95","12.76","8.45","7400"
"FRBK","2004-04-13","13.25","13.25","12.8","8.53","5200"
"FRBK","2004-04-14","12.71","12.71","12.61","8.35","7200"
"FRBK","2004-04-15","12.61","12.99","12.61","8.58","7500"
"FRBK","2004-04-16","12.79","12.9","12.79","8.52","300"
"FRBK","2004-04-19","12.81","12.81","12.62","8.36","8000"
"FRBK","2004-04-20","12.84","12.85","12.5","8.28","7300"
"FRBK","2004-04-21","12.51","12.89","12.5","8.42","3600"
"FRBK","2004-04-22","12.89","12.9","12.63","8.45","6600"
"FRBK","2004-04-23","12.18","12.69","12.11","8.31","11100"
"FRBK","2004-04-26","12.0","12.83","12.0","8.16","17800"
"FRBK","2004-04-27","12.32","12.42","12.0","7.92","8400"
"FRBK","2004-04-28","12.35","12.35","12.2","8.15","43100"
"FRBK","2004-04-29","12.35","12.35","12.25","8.09","12400"
"FRBK","2004-04-30","12.11","12.59","12.11","8.0","14800"
"FRBK","2004-05-03","12.2","12.38","12.1","8.0","5700"
"FRBK","2004-05-04","12.11","12.44","12.0","8.12","7400"
"FRBK","2004-05-05","12.01","12.15","12.0","8.02","3600"
"FRBK","2004-05-06","12.24","12.25","12.23","8.09","3300"
"FRBK","2004-05-07","12.38","12.38","12.0","7.92","1500"
"FRBK","2004-05-10","12.01","12.17","11.7","7.9","22700"
"FRBK","2004-05-11","12.05","12.25","12.04","8.03","7000"
"FRBK","2004-05-12","11.9","12.26","11.65","8.09","24600"
"FRBK","2004-05-13","12.21","12.21","12.05","7.96","2200"
"FRBK","2004-05-14","12.05","12.05","11.75","7.93","137900"
"FRBK","2004-05-17","12.13","12.26","11.85","7.82","32100"
"FRBK","2004-05-18","11.94","12.09","11.53","7.86","24400"
"FRBK","2004-05-19","11.96","12.05","11.88","7.86","33500"
"FRBK","2004-05-20","11.93","12.0","11.91","7.92","2400"
"FRBK","2004-05-21","11.91","11.95","11.84","7.83","6300"
"FRBK","2004-05-24","11.9","11.98","11.81","7.85","17800"
"FRBK","2004-05-25","11.96","11.97","11.8","7.86","27600"
"FRBK","2004-05-26","11.98","11.98","11.75","7.86","8400"
"FRBK","2004-05-27","11.91","11.98","11.81","7.84","12600"
"FRBK","2004-05-28","11.93","11.93","11.85","7.86","4100"
"FRBK","2004-06-01","11.86","12.02","11.86","7.84","28700"
"FRBK","2004-06-02","11.89","11.94","11.83","7.88","17300"
"FRBK","2004-06-03","12.05","12.05","11.98","7.91","2700"
"FRBK","2004-06-04","11.86","11.95","11.86","7.86","4600"
"FRBK","2004-06-07","11.96","11.96","11.75","7.76","23300"
"FRBK","2004-06-08","11.85","11.95","11.8","7.88","6300"
"FRBK","2004-06-09","11.92","11.95","11.8","7.89","14700"
"FRBK","2004-06-10","12.1","12.1","11.94","7.89","20600"
"FRBK","2004-06-14","11.94","11.95","11.85","7.89","2200"
"FRBK","2004-06-15","11.99","11.99","11.87","7.84","3600"
"FRBK","2004-06-16","11.88","11.95","11.86","7.89","21700"
"FRBK","2004-06-17","11.86","11.95","11.85","7.89","10000"
"FRBK","2004-06-18","11.94","11.95","11.86","7.88","6100"
"FRBK","2004-06-21","12.04","12.06","12.04","7.96","5800"
"FRBK","2004-06-22","12.09","12.09","11.94","7.89","11300"
"FRBK","2004-06-23","12.09","12.09","11.94","7.89","11500"
"FRBK","2004-06-24","11.99","12.1","11.99","7.96","20300"
"FRBK","2004-06-25","13.16","13.19","12.24","8.11","28000"
"FRBK","2004-06-28","12.01","12.84","12.01","8.25","4000"
"FRBK","2004-06-29","12.69","12.7","12.67","8.38","2700"
"FRBK","2004-06-30","12.06","13.14","12.02","8.54","4100"
"FRBK","2004-07-01","12.75","12.75","12.75","8.42","100"
"FRBK","2004-07-02","12.92","12.92","12.65","8.52","16600"
"FRBK","2004-07-06","12.89","13.04","12.89","8.52","4100"
"FRBK","2004-07-07","12.91","13.09","12.83","8.59","22100"
"FRBK","2004-07-08","13.24","13.5","13.24","8.84","13700"
"FRBK","2004-07-09","13.5","13.65","13.5","9.01","16300"
"FRBK","2004-07-12","13.78","13.78","13.23","8.87","11800"
"FRBK","2004-07-13","12.84","13.49","12.84","8.75","3600"
"FRBK","2004-07-14","12.76","13.9","12.07","8.68","43500"
"FRBK","2004-07-15","13.25","13.25","12.95","8.68","6200"
"FRBK","2004-07-16","13.38","13.5","12.91","8.52","1700"
"FRBK","2004-07-19","12.9","13.1","12.85","8.62","12400"
"FRBK","2004-07-20","13.19","13.26","12.85","8.75","12600"
"FRBK","2004-07-21","13.49","13.74","13.4","9.04","8900"
"FRBK","2004-07-22","14.0","14.02","13.51","9.14","19900"
"FRBK","2004-07-23","13.77","13.89","13.46","9.14","16700"
"FRBK","2004-07-26","13.83","13.98","13.25","9.23","10600"
"FRBK","2004-07-27","13.99","13.99","13.74","9.14","5700"
"FRBK","2004-07-28","13.85","14.0","13.85","9.2","11500"
"FRBK","2004-07-29","13.93","14.2","13.86","9.3","36800"
"FRBK","2004-07-30","14.15","14.15","13.99","9.33","6100"
"FRBK","2004-08-02","12.91","12.91","12.47","8.52","20000"
"FRBK","2004-08-03","13.2","13.25","12.83","9.32","12800"
"FRBK","2004-08-04","12.76","13.24","12.76","9.57","2400"
"FRBK","2004-08-05","13.0","13.0","12.75","9.27","2800"
"FRBK","2004-08-06","12.55","12.71","12.54","9.16","7400"
"FRBK","2004-08-09","12.6","12.87","12.6","9.25","2000"
"FRBK","2004-08-10","12.66","12.75","12.6","9.17","5800"
"FRBK","2004-08-11","12.51","12.51","12.45","9.04","1400"
"FRBK","2004-08-12","12.35","12.42","12.27","8.91","1200"
"FRBK","2004-08-13","12.2","12.34","12.1","8.94","1800"
"FRBK","2004-08-16","12.44","12.44","12.22","8.9","9900"
"FRBK","2004-08-17","12.43","12.62","12.31","9.07","7700"
"FRBK","2004-08-18","12.45","12.63","12.36","9.17","7400"
"FRBK","2004-08-19","12.5","12.66","12.35","9.15","57500"
"FRBK","2004-08-20","12.55","12.63","12.55","9.16","70400"
"FRBK","2004-08-23","12.8","13.0","12.66","9.41","163700"
"FRBK","2004-08-24","13.0","13.0","12.75","9.4","10200"
"FRBK","2004-08-25","13.0","13.0","12.8","9.39","12700"
"FRBK","2004-08-26","13.0","13.0","12.76","9.3","12400"
"FRBK","2004-08-27","12.92","13.0","12.87","9.44","4100"
"FRBK","2004-08-30","12.92","12.95","12.86","9.41","7900"
"FRBK","2004-08-31","12.89","13.0","12.89","9.44","14000"
"FRBK","2004-09-01","13.3","13.3","13.0","9.51","14700"
"FRBK","2004-09-02","13.1","13.1","13.01","9.51","600"
"FRBK","2004-09-03","13.07","13.28","13.05","9.64","21400"
"FRBK","2004-09-07","13.3","13.5","13.02","9.65","7400"
"FRBK","2004-09-08","13.74","13.74","13.36","9.96","1600"
"FRBK","2004-09-09","13.07","13.66","13.05","9.92","5600"
"FRBK","2004-09-10","13.67","13.67","13.35","9.93","2900"
"FRBK","2004-09-13","13.67","13.84","13.61","9.94","6200"
"FRBK","2004-09-14","13.08","13.76","13.08","9.8","8600"
"FRBK","2004-09-15","13.41","13.41","13.1","9.61","5800"
"FRBK","2004-09-16","13.15","13.23","13.1","9.51","7200"
"FRBK","2004-09-17","13.1","13.17","13.06","9.53","13800"
"FRBK","2004-09-20","13.35","13.35","13.05","9.49","6400"
"FRBK","2004-09-21","13.05","13.21","13.05","9.54","2200"
"FRBK","2004-09-22","13.0","13.2","12.76","9.43","37800"
"FRBK","2004-09-23","12.85","13.09","12.76","9.46","4500"
"FRBK","2004-09-24","12.91","13.13","12.9","9.38","7500"
"FRBK","2004-09-27","13.01","13.09","12.86","9.41","3900"
"FRBK","2004-09-28","12.95","13.0","12.86","9.39","4500"
"FRBK","2004-09-29","12.87","12.98","12.85","9.34","8900"
"FRBK","2004-09-30","13.04","13.08","12.9","9.5","17700"
"FRBK","2004-10-01","13.09","13.5","13.03","9.78","10000"
"FRBK","2004-10-04","13.12","13.5","13.06","9.63","7500"
"FRBK","2004-10-05","13.04","13.9","13.0","9.46","10000"
"FRBK","2004-10-06","13.06","13.41","13.06","9.51","7900"
"FRBK","2004-10-07","13.16","13.48","12.8","9.36","29400"
"FRBK","2004-10-08","13.0","13.0","12.9","9.37","1800"
"FRBK","2004-10-11","13.08","13.35","12.75","9.54","5300"
"FRBK","2004-10-12","13.0","13.26","12.86","9.63","9300"
"FRBK","2004-10-13","12.97","13.09","12.86","9.48","3000"
"FRBK","2004-10-14","13.27","13.27","12.76","9.44","4800"
"FRBK","2004-10-15","12.96","13.3","12.96","9.54","5300"
"FRBK","2004-10-18","12.97","13.6","12.93","9.8","15200"
"FRBK","2004-10-19","13.5","13.56","13.27","9.85","2500"
"FRBK","2004-10-20","13.35","13.35","13.0","9.51","6700"
"FRBK","2004-10-21","13.2","13.35","13.15","9.67","8200"
"FRBK","2004-10-22","13.34","13.65","13.29","9.91","22200"
"FRBK","2004-10-25","13.55","13.74","13.26","9.9","8200"
"FRBK","2004-10-26","13.37","13.9","13.33","10.1","14600"
"FRBK","2004-10-27","13.0","13.9","13.0","10.06","25800"
"FRBK","2004-10-28","13.9","14.8","13.25","10.74","33600"
"FRBK","2004-10-29","14.84","15.15","14.5","10.57","88100"
"FRBK","2004-11-01","14.85","14.85","14.5","10.75","46900"
"FRBK","2004-11-02","15.0","15.04","14.98","10.89","28300"
"FRBK","2004-11-03","15.12","15.21","14.7","10.89","12800"
"FRBK","2004-11-04","15.0","15.15","14.8","10.96","34800"
"FRBK","2004-11-05","15.02","15.02","14.99","10.89","4200"
"FRBK","2004-11-08","14.98","15.18","14.98","10.89","2900"
"FRBK","2004-11-09","14.98","15.08","14.98","10.89","6700"
"FRBK","2004-11-10","15.01","15.09","14.81","10.86","68200"
"FRBK","2004-11-11","15.2","15.2","14.85","10.86","6900"
"FRBK","2004-11-12","14.97","15.05","14.92","10.89","46900"
"FRBK","2004-11-15","15.0","15.0","14.96","10.89","36300"
"FRBK","2004-11-16","15.0","15.0","14.99","10.89","5700"
"FRBK","2004-11-17","15.0","15.04","14.99","10.92","1700"
"FRBK","2004-11-18","15.04","15.05","14.95","10.93","4000"
"FRBK","2004-11-19","14.91","15.15","14.91","10.86","2800"
"FRBK","2004-11-22","14.85","15.31","14.76","10.87","9300"
"FRBK","2004-11-23","15.1","15.16","14.91","10.86","4200"
"FRBK","2004-11-24","14.95","15.17","14.95","11.02","5200"
"FRBK","2004-11-26","15.37","15.37","15.17","11.02","700"
"FRBK","2004-11-29","15.18","15.38","15.17","11.02","8500"
"FRBK","2004-11-30","15.29","15.51","15.19","11.03","12800"
"FRBK","2004-12-01","15.23","15.3","15.15","11.04","13000"
"FRBK","2004-12-02","15.16","15.3","15.16","11.08","10300"
"FRBK","2004-12-03","15.16","15.18","15.1","10.97","1800"
"FRBK","2004-12-06","15.11","15.16","14.71","10.92","19600"
"FRBK","2004-12-07","14.85","15.21","14.85","11.05","2800"
"FRBK","2004-12-08","14.99","15.2","14.97","11.04","3400"
"FRBK","2004-12-09","15.18","15.2","15.14","11.04","600"
"FRBK","2004-12-10","15.2","15.2","14.98","10.89","12200"
"FRBK","2004-12-13","15.21","15.21","15.02","10.91","9100"
"FRBK","2004-12-14","14.98","15.2","14.98","10.97","22100"
"FRBK","2004-12-15","15.19","15.19","15.05","10.93","3600"
"FRBK","2004-12-16","15.09","15.45","15.09","11.04","11000"
"FRBK","2004-12-17","15.3","15.43","15.17","11.04","11800"
"FRBK","2004-12-20","15.2","15.2","14.98","11.04","10800"
"FRBK","2004-12-21","15.07","15.19","15.07","10.97","1900"
"FRBK","2004-12-22","15.05","15.12","15.05","10.97","1800"
"FRBK","2004-12-23","15.1","15.19","15.1","11.03","3400"
"FRBK","2004-12-27","15.17","15.17","15.11","10.97","2600"
"FRBK","2004-12-28","15.22","15.46","15.08","11.11","28700"
"FRBK","2004-12-29","15.4","15.4","15.16","11.18","17000"
"FRBK","2004-12-30","15.21","15.26","15.08","11.08","6400"
"FRBK","2004-12-31","15.13","15.34","15.13","11.11","5200"
"FRBK","2005-01-03","15.38","15.48","15.21","11.13","11200"
"FRBK","2005-01-04","15.3","15.89","15.21","11.26","17700"
"FRBK","2005-01-05","15.75","15.79","15.64","11.37","21700"
"FRBK","2005-01-06","15.7","15.84","15.7","11.47","2200"
"FRBK","2005-01-07","15.79","15.92","15.79","11.55","8600"
"FRBK","2005-01-10","16.0","16.0","15.88","11.6","27600"
"FRBK","2005-01-11","16.0","16.25","15.85","11.55","27200"
"FRBK","2005-01-12","16.1","16.1","15.85","11.54","17300"
"FRBK","2005-01-13","16.09","16.09","15.97","11.6","11000"
"FRBK","2005-01-14","15.99","16.1","15.88","11.59","12500"
"FRBK","2005-01-18","15.92","16.1","15.92","11.58","23400"
"FRBK","2005-01-19","15.91","16.0","15.91","11.61","10400"
"FRBK","2005-01-20","15.9","16.0","15.85","11.56","6800"
"FRBK","2005-01-21","16.01","16.08","15.96","11.61","8800"
"FRBK","2005-01-24","15.85","16.0","15.85","11.62","19600"
"FRBK","2005-01-25","15.86","16.18","15.85","11.62","10100"
"FRBK","2005-01-26","16.05","16.24","15.95","11.79","319500"
"FRBK","2005-01-27","16.35","16.35","15.98","11.71","33400"
"FRBK","2005-01-28","16.15","16.15","15.95","11.58","37100"
"FRBK","2005-01-31","15.98","16.61","15.98","11.98","77900"
"FRBK","2005-02-01","15.38","15.38","13.27","11.18","74500"
"FRBK","2005-02-02","13.6","13.65","13.38","11.24","32200"
"FRBK","2005-02-03","13.3","13.65","13.25","11.21","48700"
"FRBK","2005-02-04","13.59","14.0","13.52","11.53","39600"
"FRBK","2005-02-07","13.99","13.99","13.36","11.27","73900"
"FRBK","2005-02-08","13.74","13.97","13.5","11.45","97100"
"FRBK","2005-02-09","13.9","14.04","13.75","11.57","143700"
"FRBK","2005-02-10","14.09","14.39","14.09","11.82","74100"
"FRBK","2005-02-11","14.45","14.45","14.26","11.88","47500"
"FRBK","2005-02-14","14.52","14.87","14.31","11.83","78800"
"FRBK","2005-02-15","14.3","14.77","14.3","12.02","21100"
"FRBK","2005-02-16","14.3","14.58","14.26","11.82","26000"
"FRBK","2005-02-17","14.46","15.24","14.45","12.15","32400"
"FRBK","2005-02-18","14.94","14.95","14.79","12.35","17100"
"FRBK","2005-02-22","14.94","14.94","14.7","12.27","41900"
"FRBK","2005-02-23","14.94","14.94","14.54","12.27","33600"
"FRBK","2005-02-24","14.71","14.9","14.51","12.0","26400"
"FRBK","2005-02-25","14.5","14.82","14.5","12.07","22400"
"FRBK","2005-02-28","14.6","14.69","14.51","12.1","48100"
"FRBK","2005-03-01","14.69","14.7","14.51","12.11","11600"
"FRBK","2005-03-02","14.45","14.51","14.26","11.82","14800"
"FRBK","2005-03-03","14.53","14.65","14.26","11.8","22900"
"FRBK","2005-03-04","14.5","14.5","14.11","11.79","13000"
"FRBK","2005-03-07","14.3","14.5","14.27","11.82","12600"
"FRBK","2005-03-08","14.3","14.4","14.3","11.9","8100"
"FRBK","2005-03-09","14.3","14.31","14.25","11.78","5300"
"FRBK","2005-03-10","14.15","14.25","14.08","11.78","6700"
"FRBK","2005-03-11","14.15","14.4","14.01","11.8","40700"
"FRBK","2005-03-14","14.1","14.29","14.1","11.69","4400"
"FRBK","2005-03-15","14.1","14.35","14.01","11.66","7300"
"FRBK","2005-03-16","14.17","14.17","14.01","11.58","7800"
"FRBK","2005-03-17","14.0","14.08","14.0","11.58","22600"
"FRBK","2005-03-18","14.01","14.09","14.0","11.64","14500"
"FRBK","2005-03-21","14.24","14.24","14.01","11.71","14700"
"FRBK","2005-03-22","14.03","14.24","13.95","11.72","12500"
"FRBK","2005-03-23","14.3","14.3","13.91","11.7","13900"
"FRBK","2005-03-24","14.15","14.2","13.99","11.72","20700"
"FRBK","2005-03-28","14.12","14.12","14.05","11.62","132300"
"FRBK","2005-03-29","14.06","14.16","14.03","11.67","42300"
"FRBK","2005-03-30","14.1","14.16","14.1","11.69","37000"
"FRBK","2005-03-31","14.11","14.38","14.11","11.88","10400"
"FRBK","2005-04-01","14.39","14.4","14.05","11.61","9600"
"FRBK","2005-04-04","14.05","14.17","14.01","11.71","6300"
"FRBK","2005-04-05","14.03","14.04","13.93","11.51","16300"
"FRBK","2005-04-06","13.93","13.96","13.63","11.52","32200"
"FRBK","2005-04-07","13.9","14.1","13.9","11.55","9600"
"FRBK","2005-04-08","13.9","14.09","13.9","11.64","3300"
"FRBK","2005-04-11","13.95","14.1","13.95","11.6","15100"
"FRBK","2005-04-12","14.05","14.09","13.76","11.48","17000"
"FRBK","2005-04-13","14.0","14.0","13.7","11.4","39000"
"FRBK","2005-04-14","13.75","13.83","13.72","11.43","4200"
"FRBK","2005-04-15","13.83","14.0","13.72","11.57","6100"
"FRBK","2005-04-18","14.0","14.05","13.9","11.49","21700"
"FRBK","2005-04-19","13.73","13.88","13.45","11.41","58400"
"FRBK","2005-04-20","14.0","14.1","13.62","11.26","27200"
"FRBK","2005-04-21","13.61","13.85","13.35","11.45","7400"
"FRBK","2005-04-22","13.89","13.89","13.51","11.26","17300"
"FRBK","2005-04-25","13.6","13.75","13.45","11.21","15100"
"FRBK","2005-04-26","13.53","13.54","13.45","11.12","77400"
"FRBK","2005-04-27","13.57","13.57","13.46","11.12","15400"
"FRBK","2005-04-28","13.5","13.51","13.25","10.99","27900"
"FRBK","2005-04-29","13.39","14.1","13.3","11.64","8100"
"FRBK","2005-05-02","14.03","14.03","13.82","11.55","13500"
"FRBK","2005-05-03","14.14","14.22","13.87","11.75","21000"
"FRBK","2005-05-04","14.09","14.15","13.91","11.69","10800"
"FRBK","2005-05-05","14.15","14.15","13.71","11.41","22400"
"FRBK","2005-05-06","13.83","13.87","13.82","11.42","6700"
"FRBK","2005-05-09","14.02","14.02","13.63","11.4","15400"
"FRBK","2005-05-10","13.77","14.08","13.77","11.55","10300"
"FRBK","2005-05-11","13.92","14.12","13.9","11.58","8100"
"FRBK","2005-05-12","13.96","14.0","13.8","11.44","6100"
"FRBK","2005-05-13","13.7","13.7","13.32","11.01","17600"
"FRBK","2005-05-16","13.3","14.25","13.3","11.78","9300"
"FRBK","2005-05-17","14.04","14.6","13.85","11.62","24900"
"FRBK","2005-05-18","14.24","14.28","13.98","11.63","37100"
"FRBK","2005-05-19","12.5","12.93","12.5","10.57","19500"
"FRBK","2005-05-20","12.79","12.94","12.79","10.68","26100"
"FRBK","2005-05-23","12.81","13.57","12.81","11.0","17400"
"FRBK","2005-05-24","13.32","13.47","13.23","10.93","11400"
"FRBK","2005-05-25","13.2","13.2","13.06","10.79","5700"
"FRBK","2005-05-26","13.0","13.28","13.0","10.98","5700"
"FRBK","2005-05-27","13.4","13.55","13.16","11.01","26700"
"FRBK","2005-05-31","13.18","13.55","13.18","11.04","22300"
"FRBK","2005-06-01","13.36","13.4","13.27","10.97","15500"
"FRBK","2005-06-02","13.33","13.48","13.27","10.97","25400"
"FRBK","2005-06-03","13.27","13.4","13.14","10.98","48800"
"FRBK","2005-06-06","13.5","13.5","13.17","10.96","9600"
"FRBK","2005-06-07","13.22","13.55","13.17","11.2","25100"
"FRBK","2005-06-08","13.28","13.62","13.28","11.26","11300"
"FRBK","2005-06-09","13.62","13.62","13.37","11.17","7700"
"FRBK","2005-06-10","13.47","13.51","13.2","11.11","11800"
"FRBK","2005-06-13","13.2","13.55","13.2","11.08","9200"
"FRBK","2005-06-14","13.5","13.5","13.37","11.16","4500"
"FRBK","2005-06-15","13.5","13.74","13.5","11.33","11300"
"FRBK","2005-06-16","13.5","13.75","13.5","11.36","12200"
"FRBK","2005-06-17","13.69","13.75","13.6","11.32","2200"
"FRBK","2005-06-20","13.34","13.75","13.34","11.36","11100"
"FRBK","2005-06-21","13.65","13.74","13.39","11.16","10200"
"FRBK","2005-06-22","13.41","13.75","13.34","11.33","13900"
"FRBK","2005-06-23","13.52","13.75","13.15","11.07","8900"
"FRBK","2005-06-24","13.17","14.0","13.16","11.57","30000"
"FRBK","2005-06-27","13.68","13.95","13.5","11.22","22100"
"FRBK","2005-06-28","13.5","13.79","13.19","10.99","28300"
"FRBK","2005-06-29","13.5","13.64","13.45","11.22","12400"
"FRBK","2005-06-30","13.4","13.52","12.8","11.05","67800"
"FRBK","2005-07-01","13.49","13.59","13.13","11.1","7000"
"FRBK","2005-07-05","13.15","13.59","13.15","11.02","17100"
"FRBK","2005-07-06","13.27","13.45","13.27","11.12","16100"
"FRBK","2005-07-07","13.35","13.45","13.17","11.11","11600"
"FRBK","2005-07-08","13.43","13.49","13.29","11.05","9200"
"FRBK","2005-07-11","13.38","13.5","13.28","11.16","7700"
"FRBK","2005-07-12","13.48","13.66","13.35","11.19","5700"
"FRBK","2005-07-13","13.5","13.64","13.28","11.17","7000"
"FRBK","2005-07-14","13.39","13.42","13.25","10.96","2400"
"FRBK","2005-07-15","13.25","13.75","13.23","11.32","25100"
"FRBK","2005-07-18","13.32","13.69","13.25","11.07","8100"
"FRBK","2005-07-19","13.35","13.45","13.2","10.91","3900"
"FRBK","2005-07-20","13.34","13.67","13.25","11.21","17800"
"FRBK","2005-07-21","13.55","13.57","13.34","11.2","5100"
"FRBK","2005-07-22","13.64","13.64","13.33","11.26","8000"
"FRBK","2005-07-25","13.37","13.75","13.32","11.16","11800"
"FRBK","2005-07-26","13.5","13.5","13.25","10.95","5800"
"FRBK","2005-07-27","13.2","13.39","13.2","10.95","5200"
"FRBK","2005-07-28","13.24","13.27","13.22","10.93","1400"
"FRBK","2005-07-29","13.08","13.29","13.08","10.86","6400"
"FRBK","2005-08-01","13.2","13.49","13.18","11.07","10800"
"FRBK","2005-08-02","13.27","13.45","13.27","11.12","6400"
"FRBK","2005-08-03","13.61","13.67","13.37","11.05","4500"
"FRBK","2005-08-04","13.44","13.47","13.1","10.88","4600"
"FRBK","2005-08-05","13.34","13.42","13.12","11.04","2200"
"FRBK","2005-08-08","13.21","13.52","13.11","11.05","6800"
"FRBK","2005-08-09","13.37","13.41","13.11","10.87","9200"
"FRBK","2005-08-10","13.25","13.25","13.25","10.95","800"
"FRBK","2005-08-11","13.23","13.43","13.1","10.98","10000"
"FRBK","2005-08-12","13.27","13.28","13.2","10.98","2900"
"FRBK","2005-08-15","13.16","13.29","13.04","10.93","22700"
"FRBK","2005-08-16","13.27","13.27","13.12","10.85","2400"
"FRBK","2005-08-17","13.32","13.32","13.15","10.91","2500"
"FRBK","2005-08-18","13.05","13.18","13.05","10.89","1400"
"FRBK","2005-08-19","13.3","13.32","13.05","10.87","1500"
"FRBK","2005-08-22","13.12","13.12","13.02","10.77","4100"
"FRBK","2005-08-23","13.14","13.14","13.0","10.83","4000"
"FRBK","2005-08-24","13.03","13.09","12.96","10.71","5800"
"FRBK","2005-08-25","13.07","13.07","12.87","10.64","5600"
"FRBK","2005-08-26","12.88","12.88","12.7","10.5","9400"
"FRBK","2005-08-29","12.7","12.93","12.65","10.6","4900"
"FRBK","2005-08-30","12.8","12.88","12.67","10.58","2700"
"FRBK","2005-08-31","12.89","12.9","12.61","10.64","19600"
"FRBK","2005-09-01","12.71","12.9","12.6","10.6","18400"
"FRBK","2005-09-02","12.62","12.87","12.62","10.64","5000"
"FRBK","2005-09-06","12.73","12.92","12.63","10.47","5000"
"FRBK","2005-09-07","12.5","12.9","12.5","10.61","63400"
"FRBK","2005-09-08","12.86","12.98","12.86","10.66","5600"
"FRBK","2005-09-09","12.52","12.94","12.52","10.5","9700"
"FRBK","2005-09-12","12.53","12.85","12.53","10.61","7300"
"FRBK","2005-09-13","12.83","12.83","12.53","10.4","6300"
"FRBK","2005-09-14","12.88","12.88","12.6","10.54","10100"
"FRBK","2005-09-15","12.59","12.88","12.59","10.45","6800"
"FRBK","2005-09-16","12.53","12.88","12.53","10.51","8000"
"FRBK","2005-09-19","12.53","12.75","12.53","10.45","14900"
"FRBK","2005-09-20","12.62","12.69","12.49","10.45","17700"
"FRBK","2005-09-21","12.6","12.6","12.41","10.26","700"
"FRBK","2005-09-22","12.39","12.59","12.39","10.4","2700"
"FRBK","2005-09-23","12.38","12.64","12.37","10.45","14900"
"FRBK","2005-09-26","12.58","12.65","12.41","10.33","11200"
"FRBK","2005-09-27","12.4","12.6","12.35","10.36","6900"
"FRBK","2005-09-28","12.2","12.45","12.2","10.21","98800"
"FRBK","2005-09-29","12.31","12.39","12.31","10.21","9300"
"FRBK","2005-09-30","12.35","12.55","12.33","10.21","23400"
"FRBK","2005-10-03","12.35","12.45","12.35","10.29","17800"
"FRBK","2005-10-04","12.64","12.64","12.51","10.34","6700"
"FRBK","2005-10-05","12.44","12.5","12.41","10.33","17900"
"FRBK","2005-10-06","12.42","12.5","12.39","10.33","19900"
"FRBK","2005-10-07","12.41","12.55","12.39","10.27","4100"
"FRBK","2005-10-10","12.44","12.47","12.0","10.19","18200"
"FRBK","2005-10-11","12.27","12.36","11.95","10.02","23900"
"FRBK","2005-10-12","12.12","12.14","11.96","9.93","8900"
"FRBK","2005-10-13","12.02","12.03","11.8","9.88","10100"
"FRBK","2005-10-14","12.11","12.15","11.97","10.02","6600"
"FRBK","2005-10-17","11.98","12.23","11.98","10.08","2900"
"FRBK","2005-10-18","12.04","12.17","11.99","10.02","5100"
"FRBK","2005-10-19","12.04","12.35","11.74","10.04","20100"
"FRBK","2005-10-20","11.76","12.25","11.76","10.02","5700"
"FRBK","2005-10-21","12.1","12.29","12.1","10.02","2200"
"FRBK","2005-10-24","12.1","12.44","12.0","10.05","6700"
"FRBK","2005-10-25","11.96","12.17","11.83","10.02","4600"
"FRBK","2005-10-26","12.27","12.27","11.9","9.9","6800"
"FRBK","2005-10-27","11.9","11.98","11.8","9.83","10100"
"FRBK","2005-10-28","11.84","11.9","11.8","9.8","4200"
"FRBK","2005-10-31","11.8","12.18","11.1","9.81","45500"
"FRBK","2005-11-01","11.69","11.84","11.56","9.78","8800"
"FRBK","2005-11-02","11.77","11.99","11.66","9.87","12900"
"FRBK","2005-11-03","11.61","12.0","11.61","9.89","4800"
"FRBK","2005-11-04","12.0","12.27","12.0","10.14","3700"
"FRBK","2005-11-07","12.25","12.28","11.85","10.12","2200"
"FRBK","2005-11-08","12.02","12.12","12.01","9.95","3400"
"FRBK","2005-11-09","12.29","12.45","12.16","10.17","3300"
"FRBK","2005-11-10","12.01","12.5","12.01","10.29","7300"
"FRBK","2005-11-11","12.26","12.5","12.26","10.31","13000"
"FRBK","2005-11-14","12.28","12.54","12.28","10.31","4400"
"FRBK","2005-11-15","12.62","12.65","12.16","10.25","6200"
"FRBK","2005-11-16","12.17","12.26","12.17","10.13","13800"
"FRBK","2005-11-17","12.26","12.28","12.2","10.15","700"
"FRBK","2005-11-18","12.3","12.48","12.3","10.31","400"
"FRBK","2005-11-21","12.34","12.49","12.34","10.32","700"
"FRBK","2005-11-22","12.37","12.6","12.36","10.41","4000"
"FRBK","2005-11-23","12.39","12.66","12.39","10.46","2800"
"FRBK","2005-11-25","12.41","12.46","12.41","10.29","1200"
"FRBK","2005-11-28","12.33","12.57","12.33","10.39","2900"
"FRBK","2005-11-29","12.45","12.45","12.35","10.21","21100"
"FRBK","2005-11-30","12.28","12.35","12.07","10.07","24500"
"FRBK","2005-12-01","12.11","12.27","12.1","10.11","26900"
"FRBK","2005-12-02","12.08","12.29","11.88","10.12","18700"
"FRBK","2005-12-05","12.06","12.12","11.76","10.02","48000"
"FRBK","2005-12-06","12.0","12.36","11.87","10.07","5500"
"FRBK","2005-12-07","12.19","12.38","11.8","9.97","15500"
"FRBK","2005-12-08","12.05","12.33","12.01","10.19","6700"
"FRBK","2005-12-09","12.09","12.15","12.09","10.04","2500"
"FRBK","2005-12-12","12.02","12.08","12.0","9.97","3400"
"FRBK","2005-12-13","12.0","12.05","11.96","9.94","5100"
"FRBK","2005-12-14","11.95","12.0","11.8","9.85","6200"
"FRBK","2005-12-15","12.14","12.14","11.97","9.91","1400"
"FRBK","2005-12-16","11.87","11.99","11.84","9.91","1300"
"FRBK","2005-12-19","12.0","12.67","11.83","10.42","28800"
"FRBK","2005-12-20","12.54","13.0","12.2","10.74","14100"
"FRBK","2005-12-21","12.85","13.15","12.85","10.79","15500"
"FRBK","2005-12-22","13.0","13.14","12.78","10.85","12800"
"FRBK","2005-12-23","12.81","13.15","12.63","10.76","13700"
"FRBK","2005-12-27","12.87","12.87","12.72","10.64","4200"
"FRBK","2005-12-28","13.12","13.12","12.85","10.74","5700"
"FRBK","2005-12-29","13.05","13.05","12.86","10.63","200"
"FRBK","2005-12-30","12.75","13.21","12.75","10.87","17700"
"FRBK","2006-01-03","13.03","13.23","12.76","10.93","16200"
"FRBK","2006-01-04","13.09","13.3","13.07","10.99","17100"
"FRBK","2006-01-05","13.38","13.39","13.38","11.07","3400"
"FRBK","2006-01-06","13.29","13.45","13.29","11.12","6800"
"FRBK","2006-01-09","13.45","13.49","13.11","11.14","2600"
"FRBK","2006-01-10","13.12","13.5","13.12","11.16","8500"
"FRBK","2006-01-11","13.22","13.65","13.06","11.16","11600"
"FRBK","2006-01-12","13.3","13.75","13.3","11.26","51500"
"FRBK","2006-01-13","13.26","13.58","13.26","11.19","7300"
"FRBK","2006-01-17","13.6","13.6","13.59","11.23","200"
"FRBK","2006-01-18","13.35","14.0","13.22","11.45","13700"
"FRBK","2006-01-19","13.9","14.34","13.6","11.28","27200"
"FRBK","2006-01-20","13.66","13.88","13.4","11.18","11800"
"FRBK","2006-01-23","13.5","13.95","13.5","11.53","4500"
"FRBK","2006-01-24","14.0","14.0","13.64","11.34","5100"
"FRBK","2006-01-25","13.63","13.72","13.41","11.13","8600"
"FRBK","2006-01-26","13.53","13.74","13.45","11.36","10800"
"FRBK","2006-01-27","13.9","13.9","13.56","11.33","6600"
"FRBK","2006-01-30","13.79","13.99","13.5","11.31","7900"
"FRBK","2006-01-31","13.85","13.9","13.75","11.49","7700"
"FRBK","2006-02-01","13.85","13.95","13.85","11.53","900"
"FRBK","2006-02-02","13.95","13.95","13.65","11.49","20900"
"FRBK","2006-02-03","13.66","14.58","13.66","11.9","15500"
"FRBK","2006-02-06","14.49","14.61","14.29","11.92","13700"
"FRBK","2006-02-07","14.08","14.64","14.08","11.83","9700"
"FRBK","2006-02-08","14.47","14.47","14.1","11.74","8200"
"FRBK","2006-02-09","14.2","14.3","14.2","11.82","2200"
"FRBK","2006-02-10","14.49","14.49","13.96","11.57","14700"
"FRBK","2006-02-13","14.0","14.24","14.0","11.62","4900"
"FRBK","2006-02-14","14.06","14.15","14.05","11.67","26700"
"FRBK","2006-02-15","14.08","14.21","14.05","11.61","6000"
"FRBK","2006-02-16","14.25","14.33","14.17","11.84","8500"
"FRBK","2006-02-17","14.3","14.5","14.2","11.95","9400"
"FRBK","2006-02-21","14.07","14.42","14.05","11.79","7200"
"FRBK","2006-02-22","14.36","14.37","14.25","11.86","4800"
"FRBK","2006-02-23","14.09","14.39","14.07","11.76","11000"
"FRBK","2006-02-24","14.1","14.31","14.08","11.78","15500"
"FRBK","2006-02-27","14.3","14.3","14.05","11.81","16000"
"FRBK","2006-02-28","14.08","14.1","14.06","11.65","18200"
"FRBK","2006-03-01","14.29","14.5","14.11","11.91","39400"
"FRBK","2006-03-02","14.5","14.5","14.35","11.86","6000"
"FRBK","2006-03-03","14.21","14.52","14.21","12.0","9300"
"FRBK","2006-03-06","14.11","14.51","14.11","11.86","2900"
"FRBK","2006-03-07","14.2","14.54","14.1","12.02","3700"
"FRBK","2006-03-08","14.44","14.45","14.17","11.88","16000"
"FRBK","2006-03-09","14.29","14.29","14.21","11.74","2600"
"FRBK","2006-03-10","14.06","14.22","14.06","11.75","14300"
"FRBK","2006-03-13","14.17","14.2","14.05","11.62","3000"
"FRBK","2006-03-14","14.07","14.6","13.97","11.97","48500"
"FRBK","2006-03-15","14.19","14.44","14.17","11.93","2900"
"FRBK","2006-03-16","14.23","14.75","14.11","12.19","18900"
"FRBK","2006-03-17","14.61","14.79","14.45","12.22","7900"
"FRBK","2006-03-20","14.8","14.8","14.61","12.07","1300"
"FRBK","2006-03-21","14.6","14.82","14.6","12.07","4600"
"FRBK","2006-03-22","14.6","14.78","14.55","12.21","9600"
"FRBK","2006-03-23","14.51","14.84","14.51","12.26","7000"
"FRBK","2006-03-24","14.75","14.87","14.75","12.29","2500"
"FRBK","2006-03-27","14.74","14.87","14.55","12.24","5500"
"FRBK","2006-03-28","14.57","14.84","14.57","12.24","3600"
"FRBK","2006-03-29","14.8","14.8","14.58","12.19","12600"
"FRBK","2006-03-30","14.6","14.68","14.2","12.1","17300"
"FRBK","2006-03-31","14.51","14.75","14.51","12.13","9000"
"FRBK","2006-04-03","14.71","14.98","14.66","12.36","25000"
"FRBK","2006-04-04","14.82","14.96","14.51","12.23","5600"
"FRBK","2006-04-05","14.9","14.9","14.74","12.31","6000"
"FRBK","2006-04-06","14.77","14.79","14.68","12.16","21200"
"FRBK","2006-04-07","14.84","14.85","14.66","12.21","13400"
"FRBK","2006-04-10","14.67","14.77","14.49","12.17","10800"
"FRBK","2006-04-11","14.55","14.79","14.55","12.15","13700"
"FRBK","2006-04-12","14.65","14.7","14.46","11.97","48600"
"FRBK","2006-04-13","14.5","14.57","14.48","12.04","3900"
"FRBK","2006-04-17","14.46","14.7","14.4","12.11","23900"
"FRBK","2006-04-18","14.69","14.7","14.52","12.15","11000"
"FRBK","2006-04-19","14.82","14.83","14.6","12.17","17000"
"FRBK","2006-04-20","14.7","15.27","14.7","12.26","17900"
"FRBK","2006-04-21","14.84","14.89","14.75","12.3","1600"
"FRBK","2006-04-24","15.24","15.28","14.76","12.41","16500"
"FRBK","2006-04-25","15.14","15.14","14.89","12.39","2900"
"FRBK","2006-04-26","15.14","15.15","14.81","12.35","12600"
"FRBK","2006-04-27","15.27","15.27","14.92","12.36","10400"
"FRBK","2006-04-28","15.0","15.22","14.84","12.34","8800"
"FRBK","2006-05-01","14.82","15.15","14.82","12.36","32600"
"FRBK","2006-05-02","15.05","15.46","15.04","12.5","28400"
"FRBK","2006-05-03","14.0","14.24","13.53","12.49","13600"
"FRBK","2006-05-04","13.61","13.79","13.6","12.53","5800"
"FRBK","2006-05-05","13.8","13.83","13.5","12.5","7700"
"FRBK","2006-05-08","13.8","13.8","13.46","12.42","7100"
"FRBK","2006-05-09","13.74","13.76","13.64","12.51","700"
"FRBK","2006-05-10","13.74","13.87","13.7","12.61","4900"
"FRBK","2006-05-11","13.9","13.9","13.5","12.42","5500"
"FRBK","2006-05-12","13.69","13.84","13.37","12.36","13200"
"FRBK","2006-05-15","13.71","13.71","13.51","12.28","1400"
"FRBK","2006-05-16","13.51","13.85","13.5","12.59","28600"
"FRBK","2006-05-17","13.91","13.91","13.83","12.58","1200"
"FRBK","2006-05-18","13.6","13.89","13.6","12.47","1800"
"FRBK","2006-05-19","13.67","13.75","13.6","12.5","1500"
"FRBK","2006-05-22","13.54","13.6","13.36","12.21","6200"
"FRBK","2006-05-23","13.6","13.7","13.6","12.38","2400"
"FRBK","2006-05-24","13.37","13.43","13.22","12.19","9600"
"FRBK","2006-05-25","13.36","13.44","13.36","12.22","6000"
"FRBK","2006-05-26","13.42","13.5","13.4","12.27","14300"
"FRBK","2006-05-30","13.38","13.45","13.37","12.22","900"
"FRBK","2006-05-31","13.42","13.55","13.41","12.32","6700"
"FRBK","2006-06-01","13.55","13.65","13.47","12.37","25800"
"FRBK","2006-06-02","13.6","13.84","13.6","12.45","12500"
"FRBK","2006-06-05","13.89","13.89","13.8","12.55","2000"
"FRBK","2006-06-06","13.84","13.85","13.69","12.47","93300"
"FRBK","2006-06-07","13.72","13.77","13.66","12.49","18900"
"FRBK","2006-06-08","13.7","13.74","13.34","12.34","8000"
"FRBK","2006-06-09","13.52","13.56","13.43","12.33","5200"
"FRBK","2006-06-12","13.5","13.54","13.5","12.31","3600"
"FRBK","2006-06-13","13.59","13.73","13.45","12.47","4200"
"FRBK","2006-06-14","13.67","13.68","13.6","12.44","9900"
"FRBK","2006-06-15","13.67","13.67","13.55","12.33","6600"
"FRBK","2006-06-16","13.5","13.55","13.43","12.21","11800"
"FRBK","2006-06-19","13.42","13.48","13.35","12.2","23400"
"FRBK","2006-06-20","13.3","13.37","13.25","12.15","5300"
"FRBK","2006-06-21","13.33","13.39","13.33","12.17","400"
"FRBK","2006-06-22","13.39","13.45","13.39","12.2","2700"
"FRBK","2006-06-23","13.42","13.42","13.4","12.18","1100"
"FRBK","2006-06-26","13.41","13.42","13.4","12.18","5500"
"FRBK","2006-06-27","13.41","13.45","13.41","12.23","2000"
"FRBK","2006-06-28","13.51","13.51","13.51","12.28","300"
"FRBK","2006-06-29","13.51","13.51","13.51","12.28","0"
"FRBK","2006-06-30","13.55","13.65","13.41","12.41","10400"
"FRBK","2006-07-03","13.56","13.7","13.56","12.41","32500"
"FRBK","2006-07-05","13.5","13.65","13.5","12.36","23900"
"FRBK","2006-07-06","13.62","13.69","13.61","12.37","13000"
"FRBK","2006-07-07","13.6","13.6","13.55","12.36","6100"
"FRBK","2006-07-10","13.6","13.6","13.51","12.29","1600"
"FRBK","2006-07-11","13.56","13.65","13.55","12.41","8300"
"FRBK","2006-07-12","13.64","13.64","13.64","12.4","100"
"FRBK","2006-07-13","13.6","13.63","13.58","12.36","11700"
"FRBK","2006-07-14","13.53","13.6","13.5","12.36","20400"
"FRBK","2006-07-17","13.6","13.6","13.5","12.28","2800"
"FRBK","2006-07-18","13.5","13.6","13.5","12.35","5500"
"FRBK","2006-07-19","13.57","13.63","13.55","12.39","26800"
"FRBK","2006-07-20","13.56","13.62","13.55","12.36","25300"
"FRBK","2006-07-21","13.63","13.63","13.57","12.36","9000"
"FRBK","2006-07-24","13.58","13.78","13.58","12.53","50400"
"FRBK","2006-07-25","13.75","13.75","13.55","12.45","4500"
"FRBK","2006-07-26","13.62","13.75","13.61","12.47","5800"
"FRBK","2006-07-27","13.56","13.7","13.5","12.37","8400"
"FRBK","2006-07-28","13.56","13.75","13.55","12.5","2600"
"FRBK","2006-07-31","13.62","13.7","13.62","12.45","1500"
"FRBK","2006-08-01","13.6","13.68","13.55","12.44","18500"
"FRBK","2006-08-02","13.65","13.7","13.62","12.45","6100"
"FRBK","2006-08-03","13.7","13.7","13.61","12.4","6100"
"FRBK","2006-08-04","13.65","13.65","13.6","12.36","15700"
"FRBK","2006-08-07","13.6","13.63","13.56","12.34","5600"
"FRBK","2006-08-08","13.47","13.58","13.47","12.35","2900"
"FRBK","2006-08-09","13.57","13.57","13.39","12.29","7900"
"FRBK","2006-08-10","13.6","13.6","13.4","12.25","5000"
"FRBK","2006-08-11","13.55","13.55","13.4","12.18","10300"
"FRBK","2006-08-14","13.39","13.45","13.39","12.23","6200"
"FRBK","2006-08-15","13.39","13.41","13.35","12.15","11900"
"FRBK","2006-08-16","13.37","13.6","13.37","12.23","3900"
"FRBK","2006-08-17","13.59","13.59","13.07","12.17","13500"
"FRBK","2006-08-18","13.24","13.35","13.2","12.14","11000"
"FRBK","2006-08-21","13.32","13.45","13.32","12.23","13900"
"FRBK","2006-08-22","13.45","13.45","13.45","12.23","0"
"FRBK","2006-08-23","13.37","13.42","13.25","12.12","4700"
"FRBK","2006-08-24","13.35","13.35","13.35","12.14","3100"
"FRBK","2006-08-25","13.33","13.36","13.25","12.15","6900"
"FRBK","2006-08-28","13.33","13.39","13.3","12.13","1500"
"FRBK","2006-08-29","13.34","13.34","13.28","12.07","3500"
"FRBK","2006-08-30","13.29","13.29","12.76","12.04","40200"
"FRBK","2006-08-31","13.44","13.44","13.19","12.02","2500"
"FRBK","2006-09-01","13.17","13.33","13.12","12.12","6000"
"FRBK","2006-09-05","13.42","13.59","13.21","12.28","18400"
"FRBK","2006-09-06","13.45","13.5","13.45","12.27","7000"
"FRBK","2006-09-07","13.6","13.65","13.5","12.3","14500"
"FRBK","2006-09-08","13.52","13.68","13.52","12.36","8100"
"FRBK","2006-09-11","13.52","13.53","13.51","12.3","1700"
"FRBK","2006-09-12","13.51","13.56","13.51","12.32","1900"
"FRBK","2006-09-13","13.5","13.5","13.0","12.14","43700"
"FRBK","2006-09-14","13.33","13.33","13.22","12.07","3800"
"FRBK","2006-09-15","13.23","13.23","13.2","12.0","6700"
"FRBK","2006-09-18","13.16","13.26","13.04","11.85","10200"
"FRBK","2006-09-19","13.13","13.13","12.99","11.82","11600"
"FRBK","2006-09-20","13.03","13.15","13.03","11.92","6700"
"FRBK","2006-09-21","13.1","13.16","13.1","11.92","8900"
"FRBK","2006-09-22","13.05","13.1","12.96","11.86","8300"
"FRBK","2006-09-25","13.0","13.0","12.5","11.66","25700"
"FRBK","2006-09-26","12.82","13.37","12.82","11.77","7800"
"FRBK","2006-09-27","12.94","12.94","12.94","11.76","200"
"FRBK","2006-09-28","12.7","13.23","12.7","11.98","11400"
"FRBK","2006-09-29","13.1","13.26","13.01","12.05","1500"
"FRBK","2006-10-02","13.25","13.25","13.25","12.05","4900"
"FRBK","2006-10-03","13.09","13.09","13.09","11.9","2200"
"FRBK","2006-10-04","13.18","13.27","13.09","11.93","4600"
"FRBK","2006-10-05","13.12","13.17","13.12","11.96","12200"
"FRBK","2006-10-06","13.29","13.4","13.23","12.18","5500"
"FRBK","2006-10-09","13.29","13.34","13.14","12.09","3800"
"FRBK","2006-10-10","13.26","13.48","13.25","12.24","7000"
"FRBK","2006-10-11","13.46","13.5","13.46","12.27","2000"
"FRBK","2006-10-12","13.51","13.55","13.5","12.27","5300"
"FRBK","2006-10-13","13.51","13.61","13.5","12.3","13400"
"FRBK","2006-10-16","13.43","13.5","13.43","12.27","1300"
"FRBK","2006-10-17","13.44","13.5","13.36","12.22","5700"
"FRBK","2006-10-18","13.41","13.41","12.6","11.75","75000"
"FRBK","2006-10-19","12.93","13.07","12.93","11.88","3600"
"FRBK","2006-10-20","13.23","13.24","13.11","12.0","1300"
"FRBK","2006-10-23","13.12","13.12","12.98","11.8","2000"
"FRBK","2006-10-24","12.98","13.55","12.9","11.73","19100"
"FRBK","2006-10-25","13.03","13.03","12.75","11.59","7800"
"FRBK","2006-10-26","12.75","12.93","12.62","11.64","39700"
"FRBK","2006-10-27","12.79","13.2","12.79","11.75","4500"
"FRBK","2006-10-30","13.0","13.47","12.9","11.88","9200"
"FRBK","2006-10-31","13.2","13.34","13.09","11.9","6000"
"FRBK","2006-11-01","13.01","13.07","12.96","11.78","7200"
"FRBK","2006-11-02","13.0","13.03","13.0","11.82","1300"
"FRBK","2006-11-03","12.92","13.06","12.92","11.87","3600"
"FRBK","2006-11-06","12.96","13.28","12.96","11.87","1600"
"FRBK","2006-11-07","13.12","13.29","12.91","11.85","4100"
"FRBK","2006-11-08","12.5","13.26","12.5","11.92","18500"
"FRBK","2006-11-09","13.0","13.1","13.0","11.85","3800"
"FRBK","2006-11-10","13.05","13.11","13.03","11.85","2500"
"FRBK","2006-11-13","13.1","13.1","13.0","11.82","1100"
"FRBK","2006-11-14","13.0","13.04","13.0","11.85","1900"
"FRBK","2006-11-15","12.96","13.04","12.96","11.81","10800"
"FRBK","2006-11-16","12.96","13.0","12.96","11.82","1400"
"FRBK","2006-11-17","13.04","13.05","12.98","11.81","182600"
"FRBK","2006-11-20","13.0","13.01","13.0","11.83","3000"
"FRBK","2006-11-21","13.51","13.51","12.96","11.92","2300"
"FRBK","2006-11-22","13.26","13.26","13.0","11.87","10600"
"FRBK","2006-11-24","13.02","13.28","13.01","11.9","3700"
"FRBK","2006-11-27","13.15","13.15","13.0","11.82","3600"
"FRBK","2006-11-28","13.0","13.03","13.0","11.82","7500"
"FRBK","2006-11-29","13.36","13.36","12.9","11.82","7300"
"FRBK","2006-11-30","12.9","13.08","12.9","11.89","600"
"FRBK","2006-12-01","12.93","12.93","12.93","11.75","3400"
"FRBK","2006-12-04","12.8","13.03","12.8","11.85","4900"
"FRBK","2006-12-05","12.86","13.01","12.82","11.74","900"
"FRBK","2006-12-06","12.94","13.1","12.94","11.88","2600"
"FRBK","2006-12-07","13.11","13.33","12.96","11.9","7300"
"FRBK","2006-12-08","13.07","13.14","12.85","11.9","22900"
"FRBK","2006-12-11","13.02","13.24","13.02","12.02","3900"
"FRBK","2006-12-12","13.34","13.36","12.9","12.0","9700"
"FRBK","2006-12-13","13.18","13.42","13.18","12.12","12500"
"FRBK","2006-12-14","13.33","13.33","13.14","12.04","3000"
"FRBK","2006-12-15","13.39","13.39","13.22","12.02","1400"
"FRBK","2006-12-18","13.19","13.33","13.17","12.05","8300"
"FRBK","2006-12-19","13.42","13.44","13.34","12.22","2000"
"FRBK","2006-12-20","13.5","13.5","13.22","12.17","3600"
"FRBK","2006-12-21","13.27","13.37","13.26","12.13","800"
"FRBK","2006-12-22","13.3","13.3","12.86","11.77","11800"
"FRBK","2006-12-26","12.93","13.07","12.9","11.88","6600"
"FRBK","2006-12-27","12.99","13.05","12.85","11.86","12100"
"FRBK","2006-12-28","13.0","13.05","12.9","11.86","9600"
"FRBK","2006-12-29","13.03","13.03","12.87","11.77","2600"
"FRBK","2007-01-03","12.89","13.08","12.89","11.86","25600"
"FRBK","2007-01-04","13.0","13.03","12.85","11.69","11100"
"FRBK","2007-01-05","12.9","12.9","12.8","11.73","1600"
"FRBK","2007-01-08","12.84","12.84","12.81","11.65","1200"
"FRBK","2007-01-09","12.86","12.94","12.85","11.76","9900"
"FRBK","2007-01-10","12.91","12.91","12.75","11.59","6700"
"FRBK","2007-01-11","12.75","12.75","12.6","11.46","6600"
"FRBK","2007-01-12","12.6","12.6","12.5","11.4","5100"
"FRBK","2007-01-16","12.62","12.72","12.62","11.56","6000"
"FRBK","2007-01-17","12.65","12.79","12.65","11.55","9600"
"FRBK","2007-01-18","12.58","12.7","12.58","11.51","4000"
"FRBK","2007-01-19","12.7","12.74","12.66","11.58","2800"
"FRBK","2007-01-22","12.67","12.71","12.66","11.55","6300"
"FRBK","2007-01-23","12.7","12.75","12.7","11.59","3500"
"FRBK","2007-01-24","12.75","12.88","12.53","11.71","13000"
"FRBK","2007-01-25","12.78","12.78","12.73","11.57","19900"
"FRBK","2007-01-26","12.86","12.86","12.65","11.67","4600"
"FRBK","2007-01-29","12.92","13.3","12.75","11.61","15000"
"FRBK","2007-01-30","12.83","12.98","12.75","11.79","10200"
"FRBK","2007-01-31","12.91","12.91","12.86","11.69","2900"
"FRBK","2007-02-01","12.79","12.85","12.65","11.68","10400"
"FRBK","2007-02-02","12.73","13.14","12.62","11.76","17100"
"FRBK","2007-02-05","12.92","12.99","12.7","11.61","10300"
"FRBK","2007-02-06","12.66","12.68","12.55","11.53","8300"
"FRBK","2007-02-07","12.64","12.68","12.6","11.53","6700"
"FRBK","2007-02-08","12.65","12.65","12.55","11.49","2800"
"FRBK","2007-02-09","12.68","12.69","12.63","11.53","1900"
"FRBK","2007-02-12","12.58","12.69","12.57","11.49","4200"
"FRBK","2007-02-13","12.68","12.94","12.6","11.48","16800"
"FRBK","2007-02-14","12.64","12.68","12.6","11.53","10700"
"FRBK","2007-02-15","12.71","12.71","12.6","11.51","3900"
"FRBK","2007-02-16","12.64","12.67","12.6","11.52","5000"
"FRBK","2007-02-20","12.66","12.66","12.62","11.47","2000"
"FRBK","2007-02-21","12.6","12.72","12.6","11.49","9600"
"FRBK","2007-02-22","12.61","12.63","12.6","11.48","6300"
"FRBK","2007-02-23","12.7","12.76","12.67","11.52","800"
"FRBK","2007-02-26","12.63","12.8","12.63","11.64","1500"
"FRBK","2007-02-27","12.75","12.75","12.75","11.59","300"
"FRBK","2007-02-28","12.61","12.62","12.51","11.45","5800"
"FRBK","2007-03-01","12.5","12.5","12.28","11.16","1700"
"FRBK","2007-03-02","12.48","12.5","12.3","11.18","4700"
"FRBK","2007-03-05","12.46","12.46","12.2","11.13","15100"
"FRBK","2007-03-06","12.2","12.34","12.2","11.22","6000"
"FRBK","2007-03-07","12.22","13.06","12.22","11.86","15000"
"FRBK","2007-03-08","13.24","13.24","12.22","11.35","4700"
"FRBK","2007-03-09","12.71","12.74","12.7","11.57","500"
"FRBK","2007-03-12","12.73","12.81","12.73","11.65","200"
"FRBK","2007-03-13","12.77","12.8","12.51","11.45","3100"
"FRBK","2007-03-14","12.63","12.63","12.21","11.31","9300"
"FRBK","2007-03-15","12.35","12.35","12.3","11.22","6100"
"FRBK","2007-03-16","12.38","12.38","12.31","11.24","2300"
"FRBK","2007-03-19","12.38","12.74","12.38","11.56","15100"
"FRBK","2007-03-20","12.92","12.99","12.75","11.69","13200"
"FRBK","2007-03-21","13.0","13.0","12.85","11.78","14900"
"FRBK","2007-03-22","12.83","12.96","12.83","11.69","2000"
"FRBK","2007-03-23","12.98","12.98","12.82","11.67","4200"
"FRBK","2007-03-26","12.95","12.95","12.58","11.75","6800"
"FRBK","2007-03-27","12.69","12.83","12.67","11.66","1200"
"FRBK","2007-03-28","12.92","12.93","12.92","11.75","2600"
"FRBK","2007-03-29","12.95","12.95","12.74","11.58","2000"
"FRBK","2007-03-30","12.65","12.92","12.65","11.75","6100"
"FRBK","2007-04-02","13.03","13.04","12.91","11.77","27600"
"FRBK","2007-04-03","11.93","11.93","11.34","11.81","9900"
"FRBK","2007-04-04","11.86","11.9","11.5","11.9","8800"
"FRBK","2007-04-05","11.64","11.85","11.64","11.79","3400"
"FRBK","2007-04-09","11.69","11.69","11.53","11.57","5900"
"FRBK","2007-04-10","11.56","11.7","11.56","11.66","2400"
"FRBK","2007-04-11","11.57","11.57","11.13","11.36","15000"
"FRBK","2007-04-12","11.38","11.38","11.15","11.31","1900"
"FRBK","2007-04-13","11.28","11.28","11.28","11.28","600"
"FRBK","2007-04-16","11.14","11.34","11.0","11.34","8300"
"FRBK","2007-04-17","11.22","11.22","11.14","11.18","1700"
"FRBK","2007-04-18","11.05","11.22","10.94","11.0","10100"
"FRBK","2007-04-19","11.0","11.1","10.93","11.1","5500"
"FRBK","2007-04-20","10.96","11.36","10.9","11.35","7500"
"FRBK","2007-04-23","11.37","11.37","10.92","11.2","4900"
"FRBK","2007-04-24","11.15","11.19","10.91","11.0","7500"
"FRBK","2007-04-25","11.0","11.15","11.0","11.11","8000"
"FRBK","2007-04-26","11.05","11.1","10.95","11.0","15800"
"FRBK","2007-04-27","11.08","11.1","10.95","11.03","12600"
"FRBK","2007-04-30","10.99","10.99","10.75","10.75","9000"
"FRBK","2007-05-01","10.79","10.8","10.64","10.74","10600"
"FRBK","2007-05-02","10.71","10.71","10.51","10.59","9700"
"FRBK","2007-05-03","10.5","10.64","10.5","10.51","5700"
"FRBK","2007-05-04","10.44","10.52","10.3","10.52","14300"
"FRBK","2007-05-07","10.46","10.53","10.36","10.46","13400"
"FRBK","2007-05-08","10.5","10.5","10.35","10.37","4100"
"FRBK","2007-05-09","10.35","10.39","10.35","10.36","4200"
"FRBK","2007-05-10","10.39","10.39","10.26","10.33","4100"
"FRBK","2007-05-11","10.3","10.3","10.0","10.06","25400"
"FRBK","2007-05-14","9.96","10.05","9.87","9.87","17800"
"FRBK","2007-05-15","9.86","9.86","9.56","9.65","20600"
"FRBK","2007-05-16","9.73","9.85","9.47","9.85","82700"
"FRBK","2007-05-17","9.9","10.0","9.87","9.92","12600"
"FRBK","2007-05-18","9.9","9.92","9.67","9.8","5000"
"FRBK","2007-05-21","9.93","9.99","9.84","9.85","18500"
"FRBK","2007-05-22","9.8","9.93","9.74","9.93","12400"
"FRBK","2007-05-23","9.97","9.99","9.87","9.92","12500"
"FRBK","2007-05-24","10.0","10.0","9.78","9.88","15800"
"FRBK","2007-05-25","9.95","9.95","9.8","9.85","20000"
"FRBK","2007-05-29","9.85","9.98","9.85","9.93","41900"
"FRBK","2007-05-30","9.84","10.01","9.84","9.99","94100"
"FRBK","2007-05-31","9.99","10.02","9.81","9.95","21400"
"FRBK","2007-06-01","9.95","9.96","9.95","9.95","1900"
"FRBK","2007-06-04","9.75","9.97","9.54","9.72","29800"
"FRBK","2007-06-05","9.72","9.88","9.59","9.85","15800"
"FRBK","2007-06-06","9.71","9.79","9.7","9.73","2900"
"FRBK","2007-06-07","9.78","9.8","9.6","9.75","3700"
"FRBK","2007-06-08","9.76","9.78","9.5","9.61","3600"
"FRBK","2007-06-11","9.56","9.62","9.55","9.62","3400"
"FRBK","2007-06-12","9.6","9.67","9.56","9.64","14100"
"FRBK","2007-06-13","9.6","10.0","9.6","9.89","82500"
"FRBK","2007-06-14","9.97","9.97","9.75","9.75","39000"
"FRBK","2007-06-15","9.8","9.86","9.75","9.84","23600"
"FRBK","2007-06-18","9.84","9.9","9.81","9.84","12600"
"FRBK","2007-06-19","9.73","9.81","9.72","9.75","16700"
"FRBK","2007-06-20","9.84","9.84","9.7","9.8","35100"
"FRBK","2007-06-21","9.83","9.83","9.68","9.68","18100"
"FRBK","2007-06-22","9.63","9.71","9.62","9.66","16400"
"FRBK","2007-06-25","9.74","9.74","9.61","9.65","9600"
"FRBK","2007-06-26","9.71","9.71","9.5","9.53","21200"
"FRBK","2007-06-27","9.54","9.65","9.52","9.63","11500"
"FRBK","2007-06-28","9.65","9.65","9.45","9.48","15000"
"FRBK","2007-06-29","9.59","9.61","9.53","9.6","10100"
"FRBK","2007-07-02","9.69","9.69","9.45","9.63","9700"
"FRBK","2007-07-03","9.6","9.6","9.59","9.6","500"
"FRBK","2007-07-05","9.6","9.79","9.6","9.79","12700"
"FRBK","2007-07-06","9.74","9.84","9.72","9.84","7200"
"FRBK","2007-07-09","9.8","9.85","9.72","9.75","36600"
"FRBK","2007-07-10","9.79","9.85","9.72","9.72","21100"
"FRBK","2007-07-11","9.67","9.86","9.67","9.86","13200"
"FRBK","2007-07-12","9.87","9.87","9.79","9.79","1200"
"FRBK","2007-07-13","9.8","9.88","9.75","9.86","12300"
"FRBK","2007-07-16","9.87","9.92","9.75","9.75","8500"
"FRBK","2007-07-17","9.79","9.79","9.75","9.75","4600"
"FRBK","2007-07-18","9.75","9.75","9.69","9.74","1200"
"FRBK","2007-07-19","9.86","9.86","9.55","9.84","19700"
"FRBK","2007-07-20","9.72","9.72","8.97","8.97","47800"
"FRBK","2007-07-23","8.92","8.92","8.25","8.34","20300"
"FRBK","2007-07-24","8.83","8.83","8.12","8.16","17500"
"FRBK","2007-07-25","8.13","8.24","8.12","8.18","12800"
"FRBK","2007-07-26","8.22","8.39","8.22","8.34","11600"
"FRBK","2007-07-27","8.47","8.47","8.1","8.1","17800"
"FRBK","2007-07-30","8.24","8.25","8.18","8.19","9900"
"FRBK","2007-07-31","8.19","8.31","8.15","8.15","8200"
"FRBK","2007-08-01","8.15","8.15","7.85","7.98","17400"
"FRBK","2007-08-02","7.98","8.05","7.92","7.92","251300"
"FRBK","2007-08-03","7.95","8.11","7.9","7.94","12600"
"FRBK","2007-08-06","7.95","8.0","7.9","8.0","10700"
"FRBK","2007-08-07","8.13","8.24","8.13","8.24","3800"
"FRBK","2007-08-08","8.39","8.5","8.39","8.5","8500"
"FRBK","2007-08-09","8.5","8.54","8.31","8.31","10100"
"FRBK","2007-08-10","8.3","8.31","8.09","8.18","12000"
"FRBK","2007-08-13","8.25","8.25","8.1","8.1","14800"
"FRBK","2007-08-14","8.09","8.11","8.03","8.11","5400"
"FRBK","2007-08-15","8.06","8.06","8.0","8.0","1100"
"FRBK","2007-08-16","8.01","8.01","7.25","7.69","14100"
"FRBK","2007-08-17","7.77","8.04","7.77","7.98","14400"
"FRBK","2007-08-20","8.01","8.15","7.98","8.1","7500"
"FRBK","2007-08-21","8.44","8.44","7.95","8.0","15200"
"FRBK","2007-08-22","8.09","8.15","8.08","8.1","2500"
"FRBK","2007-08-23","8.12","8.17","8.09","8.16","1900"
"FRBK","2007-08-24","8.1","8.13","8.1","8.13","4200"
"FRBK","2007-08-27","8.04","8.12","8.0","8.04","6100"
"FRBK","2007-08-28","8.1","8.19","8.09","8.15","4900"
"FRBK","2007-08-29","8.17","8.17","8.0","8.02","3500"
"FRBK","2007-08-30","8.16","8.16","8.01","8.01","5000"
"FRBK","2007-08-31","8.09","8.09","8.05","8.05","1500"
"FRBK","2007-09-04","8.0","8.04","8.0","8.04","2000"
"FRBK","2007-09-05","8.0","8.05","8.0","8.03","18300"
"FRBK","2007-09-06","8.04","8.04","8.02","8.02","1300"
"FRBK","2007-09-07","8.05","8.16","8.05","8.1","2300"
"FRBK","2007-09-10","8.03","8.03","8.0","8.0","8700"
"FRBK","2007-09-11","8.01","8.06","7.95","7.95","8500"
"FRBK","2007-09-12","7.95","8.07","7.95","8.01","6900"
"FRBK","2007-09-13","7.95","7.99","7.95","7.99","1100"
"FRBK","2007-09-14","7.91","7.96","7.91","7.96","1700"
"FRBK","2007-09-17","7.99","8.16","7.92","7.95","6200"
"FRBK","2007-09-18","8.0","8.0","8.0","8.0","1000"
"FRBK","2007-09-19","8.0","8.0","7.92","7.95","4200"
"FRBK","2007-09-20","7.95","7.95","7.95","7.95","200"
"FRBK","2007-09-21","7.96","7.96","7.8","7.8","20300"
"FRBK","2007-09-24","7.85","8.0","7.85","8.0","2400"
"FRBK","2007-09-25","8.0","8.0","8.0","8.0","0"
"FRBK","2007-09-26","8.05","8.16","8.05","8.06","5100"
"FRBK","2007-09-27","8.03","8.15","8.0","8.14","2100"
"FRBK","2007-09-28","8.01","8.01","7.81","8.0","11700"
"FRBK","2007-10-01","8.0","8.0","7.92","7.99","8500"
"FRBK","2007-10-02","8.0","8.09","8.0","8.09","5900"
"FRBK","2007-10-03","8.08","8.08","7.99","8.0","3400"
"FRBK","2007-10-04","7.9","8.01","7.9","7.99","8400"
"FRBK","2007-10-05","8.06","8.06","7.9","8.0","9100"
"FRBK","2007-10-08","8.07","8.2","8.07","8.15","10400"
"FRBK","2007-10-09","8.15","8.17","8.09","8.09","2700"
"FRBK","2007-10-10","8.04","8.04","7.84","7.84","8500"
"FRBK","2007-10-11","7.93","8.05","7.93","7.97","8100"
"FRBK","2007-10-12","7.92","7.99","7.9","7.95","5300"
"FRBK","2007-10-15","8.02","8.02","7.95","8.0","74100"
"FRBK","2007-10-16","7.99","8.1","7.8","7.93","23500"
"FRBK","2007-10-17","7.97","8.0","7.97","7.97","2100"
"FRBK","2007-10-18","8.07","8.07","7.99","7.99","2300"
"FRBK","2007-10-19","7.97","7.97","7.73","7.73","18300"
"FRBK","2007-10-22","7.93","8.01","7.75","7.85","17000"
"FRBK","2007-10-23","7.85","7.85","7.79","7.8","6000"
"FRBK","2007-10-24","7.83","7.86","7.75","7.85","143600"
"FRBK","2007-10-25","7.8","8.48","7.8","8.3","165400"
"FRBK","2007-10-26","8.21","8.47","8.0","8.0","33900"
"FRBK","2007-10-29","8.08","8.94","8.08","8.89","30100"
"FRBK","2007-10-30","8.79","8.79","8.15","8.2","29100"
"FRBK","2007-10-31","8.32","8.94","8.27","8.84","26300"
"FRBK","2007-11-01","8.64","8.65","8.45","8.65","4300"
"FRBK","2007-11-02","8.8","8.92","8.3","8.3","18300"
"FRBK","2007-11-05","8.41","8.46","8.31","8.35","12900"
"FRBK","2007-11-06","8.4","8.4","8.4","8.4","2000"
"FRBK","2007-11-07","8.42","8.46","8.25","8.26","13500"
"FRBK","2007-11-08","8.03","8.03","7.8","8.0","14200"
"FRBK","2007-11-09","8.1","8.26","8.0","8.19","18400"
"FRBK","2007-11-12","8.14","8.4","8.14","8.34","21000"
"FRBK","2007-11-13","8.26","8.39","8.23","8.3","8200"
"FRBK","2007-11-14","8.3","8.39","8.3","8.39","1600"
"FRBK","2007-11-15","8.34","8.34","8.3","8.34","4400"
"FRBK","2007-11-16","8.47","8.47","8.04","8.15","15700"
"FRBK","2007-11-19","8.16","8.16","8.08","8.08","5900"
"FRBK","2007-11-20","8.03","8.03","7.77","7.77","11400"
"FRBK","2007-11-21","8.19","8.19","7.85","7.98","4600"
"FRBK","2007-11-23","7.98","7.98","7.98","7.98","0"
"FRBK","2007-11-26","8.13","8.13","7.81","7.82","3100"
"FRBK","2007-11-27","7.79","7.87","7.75","7.75","11100"
"FRBK","2007-11-28","7.82","7.86","7.75","7.75","9800"
"FRBK","2007-11-29","7.75","8.03","7.75","7.79","8200"
"FRBK","2007-11-30","7.95","7.95","7.6","7.6","5100"
"FRBK","2007-12-03","7.6","7.66","7.5","7.52","5800"
"FRBK","2007-12-04","7.5","7.5","7.5","7.5","2100"
"FRBK","2007-12-05","7.59","7.59","7.19","7.31","13900"
"FRBK","2007-12-06","7.25","7.46","7.01","7.26","19000"
"FRBK","2007-12-07","7.35","7.49","7.25","7.33","4900"
"FRBK","2007-12-10","7.3","7.96","7.3","7.52","12400"
"FRBK","2007-12-11","7.55","7.65","7.51","7.6","23300"
"FRBK","2007-12-12","7.69","7.69","7.52","7.52","2300"
"FRBK","2007-12-13","7.53","7.53","7.19","7.19","13400"
"FRBK","2007-12-14","7.2","7.26","7.2","7.2","5400"
"FRBK","2007-12-17","7.24","7.62","7.2","7.24","7800"
"FRBK","2007-12-18","7.25","7.31","7.0","7.09","15200"
"FRBK","2007-12-19","7.25","7.64","7.01","7.08","12500"
"FRBK","2007-12-20","7.02","7.25","7.01","7.1","14800"
"FRBK","2007-12-21","7.11","7.11","6.88","7.01","29300"
"FRBK","2007-12-24","7.02","7.1","6.95","7.0","11100"
"FRBK","2007-12-26","7.05","7.09","6.96","6.96","7100"
"FRBK","2007-12-27","7.02","7.02","6.85","6.95","10600"
"FRBK","2007-12-28","6.91","7.0","6.91","7.0","17300"
"FRBK","2007-12-31","6.77","7.08","6.77","6.95","30700"
"FRBK","2008-01-02","7.05","7.54","6.96","7.29","24400"
"FRBK","2008-01-03","7.31","7.41","7.17","7.24","2400"
"FRBK","2008-01-04","7.26","7.26","6.77","6.87","29600"
"FRBK","2008-01-07","6.83","7.14","6.65","6.68","11600"
"FRBK","2008-01-08","7.29","8.59","6.66","6.66","24600"
"FRBK","2008-01-09","7.29","7.29","6.73","6.92","8100"
"FRBK","2008-01-10","7.18","7.32","6.65","6.69","7000"
"FRBK","2008-01-11","6.86","7.38","6.8","7.08","13700"
"FRBK","2008-01-14","7.07","7.08","6.7","6.83","11700"
"FRBK","2008-01-15","6.99","6.99","6.67","6.68","9500"
"FRBK","2008-01-16","6.8","6.81","6.65","6.74","13400"
"FRBK","2008-01-17","6.87","6.87","6.6","6.67","4100"
"FRBK","2008-01-18","6.66","6.66","5.88","5.9","6700"
"FRBK","2008-01-22","7.42","7.42","4.31","5.99","24900"
"FRBK","2008-01-23","5.78","6.89","5.71","6.3","34700"
"FRBK","2008-01-24","6.43","6.87","6.43","6.77","7300"
"FRBK","2008-01-25","6.78","6.87","6.78","6.79","1600"
"FRBK","2008-01-28","6.76","6.88","6.76","6.77","900"
"FRBK","2008-01-29","6.91","6.91","6.77","6.79","1400"
"FRBK","2008-01-30","6.74","6.96","6.57","6.57","4200"
"FRBK","2008-01-31","6.6","6.86","6.6","6.76","3500"
"FRBK","2008-02-01","6.53","6.85","6.53","6.76","3100"
"FRBK","2008-02-04","6.84","6.86","6.84","6.86","900"
"FRBK","2008-02-05","6.81","6.81","6.81","6.81","200"
"FRBK","2008-02-06","6.77","6.78","6.71","6.71","10500"
"FRBK","2008-02-07","6.66","6.97","6.65","6.88","78800"
"FRBK","2008-02-08","6.68","7.2","6.5","6.5","26800"
"FRBK","2008-02-11","6.53","6.79","6.5","6.55","16800"
"FRBK","2008-02-12","6.53","6.65","6.5","6.65","9600"
"FRBK","2008-02-13","6.62","6.65","6.62","6.65","600"
"FRBK","2008-02-14","6.65","6.65","6.65","6.65","0"
"FRBK","2008-02-15","6.66","6.87","6.45","6.45","7300"
"FRBK","2008-02-19","6.45","6.53","5.86","6.0","13200"
"FRBK","2008-02-20","6.35","6.41","6.12","6.17","6900"
"FRBK","2008-02-21","6.2","6.2","6.12","6.18","4700"
"FRBK","2008-02-22","6.19","6.23","6.15","6.15","8100"
"FRBK","2008-02-25","6.25","6.3","6.22","6.22","700"
"FRBK","2008-02-26","6.32","6.32","6.15","6.18","6900"
"FRBK","2008-02-27","6.39","6.39","6.24","6.24","700"
"FRBK","2008-02-28","6.24","6.28","6.19","6.2","900"
"FRBK","2008-02-29","6.2","6.2","6.2","6.2","0"
"FRBK","2008-03-03","6.15","6.15","6.15","6.15","5400"
"FRBK","2008-03-04","6.16","6.16","6.15","6.15","3700"
"FRBK","2008-03-05","6.15","6.15","6.15","6.15","0"
"FRBK","2008-03-06","6.15","6.15","5.9","6.0","8100"
"FRBK","2008-03-07","6.0","6.0","6.0","6.0","0"
"FRBK","2008-03-10","5.95","6.0","4.65","5.36","31600"
"FRBK","2008-03-11","5.25","5.81","5.25","5.81","19200"
"FRBK","2008-03-12","5.75","5.75","5.75","5.75","6700"
"FRBK","2008-03-13","5.65","5.65","5.5","5.5","4700"
"FRBK","2008-03-14","5.55","5.55","5.4","5.5","6600"
"FRBK","2008-03-17","5.61","5.62","5.35","5.37","8400"
"FRBK","2008-03-18","5.85","5.85","5.26","5.26","20800"
"FRBK","2008-03-19","5.25","5.25","5.19","5.2","6000"
"FRBK","2008-03-20","5.18","5.25","5.12","5.2","6200"
"FRBK","2008-03-24","5.15","5.54","5.11","5.2","18800"
"FRBK","2008-03-25","5.3","5.3","4.96","5.0","24800"
"FRBK","2008-03-26","5.17","5.2","5.06","5.08","12300"
"FRBK","2008-03-27","5.09","5.99","5.09","5.19","12700"
"FRBK","2008-03-28","5.45","5.45","5.19","5.19","700"
"FRBK","2008-03-31","5.17","5.17","4.86","4.93","15700"
"FRBK","2008-04-01","5.15","5.15","5.12","5.12","1100"
"FRBK","2008-04-02","5.05","5.16","5.05","5.14","3900"
"FRBK","2008-04-03","5.06","5.15","5.06","5.07","1700"
"FRBK","2008-04-04","5.2","5.2","5.2","5.2","500"
"FRBK","2008-04-07","5.42","5.47","5.11","5.2","8100"
"FRBK","2008-04-08","5.06","5.06","5.06","5.06","1500"
"FRBK","2008-04-09","5.06","5.2","5.0","5.1","3600"
"FRBK","2008-04-10","5.02","5.04","5.0","5.02","3400"
"FRBK","2008-04-11","5.03","5.05","4.88","5.01","20500"
"FRBK","2008-04-14","5.0","5.08","4.85","4.85","8500"
"FRBK","2008-04-15","4.88","5.19","4.84","4.84","3200"
"FRBK","2008-04-16","5.13","5.13","4.9","4.9","900"
"FRBK","2008-04-17","4.89","4.98","4.84","4.98","1400"
"FRBK","2008-04-18","5.01","5.09","5.01","5.09","1200"
"FRBK","2008-04-21","5.16","5.21","4.93","5.21","22600"
"FRBK","2008-04-22","5.16","5.16","5.0","5.04","15500"
"FRBK","2008-04-23","5.07","5.07","4.97","5.0","11900"
"FRBK","2008-04-24","5.0","5.0","4.98","5.0","10100"
"FRBK","2008-04-25","5.0","5.07","4.95","4.96","13300"
"FRBK","2008-04-28","4.94","4.94","4.84","4.93","15700"
"FRBK","2008-04-29","5.04","5.04","4.83","4.9","19000"
"FRBK","2008-04-30","4.9","4.92","4.83","4.92","18400"
"FRBK","2008-05-01","4.87","4.87","4.8","4.81","1900"
"FRBK","2008-05-02","4.8","4.8","4.75","4.75","3100"
"FRBK","2008-05-05","4.69","4.97","4.61","4.71","8800"
"FRBK","2008-05-06","4.76","4.98","4.76","4.85","2600"
"FRBK","2008-05-07","4.94","4.99","4.87","4.92","700"
"FRBK","2008-05-08","5.0","5.24","4.94","4.99","17600"
"FRBK","2008-05-09","5.06","5.09","5.06","5.08","600"
"FRBK","2008-05-12","5.02","5.03","4.92","4.92","1200"
"FRBK","2008-05-13","4.9","4.99","4.9","4.97","2600"
"FRBK","2008-05-14","4.97","5.3","4.97","5.25","18800"
"FRBK","2008-05-15","5.12","5.19","4.85","5.09","26800"
"FRBK","2008-05-16","5.26","5.73","5.01","5.08","21000"
"FRBK","2008-05-19","5.09","5.09","4.71","5.05","16000"
"FRBK","2008-05-20","5.04","5.04","4.85","4.85","6100"
"FRBK","2008-05-21","4.83","5.69","4.79","5.11","5200"
"FRBK","2008-05-22","5.03","5.03","4.87","4.88","14100"
"FRBK","2008-05-23","5.02","5.2","4.88","4.88","5500"
"FRBK","2008-05-27","4.81","4.92","4.55","4.79","10100"
"FRBK","2008-05-28","4.68","4.81","4.68","4.73","2700"
"FRBK","2008-05-29","4.79","5.15","4.65","4.65","11100"
"FRBK","2008-05-30","5.01","5.01","4.66","4.66","4700"
"FRBK","2008-06-02","4.78","5.04","4.63","4.7","3900"
"FRBK","2008-06-03","4.77","4.77","4.65","4.7","8700"
"FRBK","2008-06-04","4.71","4.71","4.56","4.65","2000"
"FRBK","2008-06-05","4.55","4.67","4.2","4.46","28900"
"FRBK","2008-06-06","4.46","4.85","4.32","4.61","16400"
"FRBK","2008-06-09","4.45","4.6","4.37","4.37","22300"
"FRBK","2008-06-10","4.71","5.85","4.66","5.85","295100"
"FRBK","2008-06-11","5.9","6.82","5.9","6.78","179700"
"FRBK","2008-06-12","6.99","7.45","6.33","6.9","178800"
"FRBK","2008-06-13","6.86","7.23","6.62","6.85","188600"
"FRBK","2008-06-16","7.0","7.2","6.9","7.09","113100"
"FRBK","2008-06-17","7.23","7.65","7.17","7.57","130200"
"FRBK","2008-06-18","7.64","7.75","7.25","7.47","52100"
"FRBK","2008-06-19","7.4","7.4","7.0","7.07","50700"
"FRBK","2008-06-20","7.54","7.55","7.0","7.06","50600"
"FRBK","2008-06-23","7.17","7.47","6.93","7.42","37200"
"FRBK","2008-06-24","7.29","7.35","7.18","7.21","43000"
"FRBK","2008-06-25","7.25","7.3","7.12","7.12","38700"
"FRBK","2008-06-26","7.15","7.2","7.05","7.19","23800"
"FRBK","2008-06-27","7.25","7.5","7.19","7.5","58400"
"FRBK","2008-06-30","7.38","7.4","7.2","7.26","46900"
"FRBK","2008-07-01","7.29","7.3","7.25","7.25","34000"
"FRBK","2008-07-02","7.3","7.3","7.0","7.05","92700"
"FRBK","2008-07-03","7.18","7.35","7.15","7.33","12900"
"FRBK","2008-07-07","7.34","7.42","7.22","7.24","46700"
"FRBK","2008-07-08","7.25","7.4","7.0","7.15","69700"
"FRBK","2008-07-09","7.09","7.25","6.75","6.75","58900"
"FRBK","2008-07-10","6.79","6.91","6.62","6.64","20300"
"FRBK","2008-07-11","6.77","6.86","6.64","6.72","13600"
"FRBK","2008-07-14","6.86","6.86","6.5","6.58","7000"
"FRBK","2008-07-15","6.58","6.6","6.24","6.39","26700"
"FRBK","2008-07-16","6.45","6.6","6.45","6.53","10200"
"FRBK","2008-07-17","6.53","6.65","6.25","6.33","32000"
"FRBK","2008-07-18","6.45","6.6","6.34","6.4","14200"
"FRBK","2008-07-21","6.34","6.85","6.34","6.75","23500"
"FRBK","2008-07-22","6.85","6.92","6.75","6.81","14500"
"FRBK","2008-07-23","6.79","6.95","6.62","6.7","13000"
"FRBK","2008-07-24","6.75","7.02","6.75","6.95","54600"
"FRBK","2008-07-25","6.86","6.96","6.8","6.84","11400"
"FRBK","2008-07-28","6.89","6.95","6.85","6.87","12500"
"FRBK","2008-07-29","6.92","7.0","6.86","6.9","11700"
"FRBK","2008-07-30","6.99","7.08","6.95","6.95","8400"
"FRBK","2008-07-31","7.0","7.3","7.0","7.24","23600"
"FRBK","2008-08-01","7.3","7.3","7.05","7.27","4100"
"FRBK","2008-08-04","7.26","7.31","7.26","7.3","17800"
"FRBK","2008-08-05","7.36","7.36","7.2","7.21","4300"
"FRBK","2008-08-06","7.36","7.65","7.3","7.55","47300"
"FRBK","2008-08-07","7.55","7.7","7.49","7.69","24700"
"FRBK","2008-08-08","7.81","8.17","7.57","8.0","53800"
"FRBK","2008-08-11","8.15","8.18","7.81","8.17","39200"
"FRBK","2008-08-12","8.18","8.18","8.04","8.15","24600"
"FRBK","2008-08-13","8.18","8.18","7.77","7.95","9100"
"FRBK","2008-08-14","7.8","8.08","7.8","8.08","36100"
"FRBK","2008-08-15","8.01","8.15","7.7","8.05","98600"
"FRBK","2008-08-18","8.04","8.18","7.94","8.07","15500"
"FRBK","2008-08-19","8.0","8.17","8.0","8.16","11900"
"FRBK","2008-08-20","8.06","8.2","7.72","8.08","12000"
"FRBK","2008-08-21","8.0","8.18","7.72","8.1","13200"
"FRBK","2008-08-22","8.18","8.18","7.9","8.1","32200"
"FRBK","2008-08-25","8.18","8.34","8.09","8.19","30700"
"FRBK","2008-08-26","8.1","8.3","8.0","8.0","28700"
"FRBK","2008-08-27","8.11","8.61","8.0","8.4","34800"
"FRBK","2008-08-28","8.4","8.85","8.4","8.67","34900"
"FRBK","2008-08-29","8.75","9.63","8.51","8.99","51700"
"FRBK","2008-09-02","9.5","9.68","9.26","9.65","67100"
"FRBK","2008-09-03","9.81","10.73","9.74","10.25","146000"
"FRBK","2008-09-04","10.25","10.25","9.75","10.11","68500"
"FRBK","2008-09-05","9.86","10.35","9.86","10.12","63400"
"FRBK","2008-09-08","10.34","10.35","9.75","9.98","76600"
"FRBK","2008-09-09","9.98","10.01","9.71","9.88","22100"
"FRBK","2008-09-10","9.7","10.0","9.47","9.99","28500"
"FRBK","2008-09-11","9.88","9.97","9.85","9.92","20200"
"FRBK","2008-09-12","9.95","9.98","9.86","9.87","28400"
"FRBK","2008-09-15","9.51","9.79","9.28","9.48","34700"
"FRBK","2008-09-16","9.52","9.52","9.05","9.44","29800"
"FRBK","2008-09-17","9.48","9.5","9.11","9.14","21600"
"FRBK","2008-09-18","9.14","9.5","9.0","9.3","30700"
"FRBK","2008-09-19","9.5","9.92","9.25","9.45","75100"
"FRBK","2008-09-22","9.24","9.5","9.24","9.46","29400"
"FRBK","2008-09-23","9.49","9.49","9.22","9.4","39900"
"FRBK","2008-09-24","9.4","9.4","9.1","9.35","19100"
"FRBK","2008-09-25","9.15","9.26","9.1","9.12","9200"
"FRBK","2008-09-26","9.11","9.11","8.13","8.3","105300"
"FRBK","2008-09-29","8.4","8.4","5.71","7.58","119800"
"FRBK","2008-09-30","8.61","8.61","7.38","8.61","50800"
"FRBK","2008-10-01","7.26","8.4","7.26","8.4","31100"
"FRBK","2008-10-02","8.26","8.5","8.11","8.47","47000"
"FRBK","2008-10-03","8.5","9.0","8.5","8.64","57300"
"FRBK","2008-10-06","9.0","9.0","7.74","7.99","35100"
"FRBK","2008-10-07","8.5","9.0","7.86","8.89","13300"
"FRBK","2008-10-08","7.75","8.25","7.51","7.99","114700"
"FRBK","2008-10-09","7.66","8.63","7.57","8.0","87000"
"FRBK","2008-10-10","8.17","8.17","7.4","7.68","15500"
"FRBK","2008-10-13","8.18","8.2","7.82","7.86","13700"
"FRBK","2008-10-14","7.95","8.0","7.7","7.77","4400"
"FRBK","2008-10-15","7.87","8.0","7.54","7.54","10300"
"FRBK","2008-10-16","7.76","7.81","7.63","7.65","6800"
"FRBK","2008-10-17","7.65","7.98","7.65","7.76","19600"
"FRBK","2008-10-20","7.82","8.0","7.65","8.0","25600"
"FRBK","2008-10-21","7.95","8.0","7.6","8.0","17000"
"FRBK","2008-10-22","8.0","8.0","7.91","7.92","6000"
"FRBK","2008-10-23","7.91","7.91","7.61","7.66","18800"
"FRBK","2008-10-24","7.74","7.82","7.28","7.82","13700"
"FRBK","2008-10-27","7.89","8.0","7.79","8.0","18200"
"FRBK","2008-10-28","8.01","8.08","7.75","7.75","16300"
"FRBK","2008-10-29","7.84","7.87","7.66","7.75","14500"
"FRBK","2008-10-30","7.88","7.99","7.77","7.99","5600"
"FRBK","2008-10-31","7.89","8.03","7.75","8.0","22700"
"FRBK","2008-11-03","8.0","8.39","8.0","8.39","37200"
"FRBK","2008-11-04","8.45","8.68","8.45","8.65","19700"
"FRBK","2008-11-05","8.65","9.0","8.65","8.88","20900"
"FRBK","2008-11-06","8.88","8.93","8.71","8.77","14900"
"FRBK","2008-11-07","8.59","8.87","8.58","8.75","11200"
"FRBK","2008-11-10","9.01","9.19","8.53","8.8","53500"
"FRBK","2008-11-11","8.57","8.84","8.0","8.52","92300"
"FRBK","2008-11-12","8.52","8.83","8.4","8.72","89000"
"FRBK","2008-11-13","8.84","9.0","8.56","9.0","78700"
"FRBK","2008-11-14","8.99","9.05","8.76","8.9","32200"
"FRBK","2008-11-17","8.77","8.99","8.74","8.93","32400"
"FRBK","2008-11-18","8.94","9.0","8.72","8.75","70500"
"FRBK","2008-11-19","8.9","9.0","8.72","8.9","38500"
"FRBK","2008-11-20","8.9","8.95","8.3","8.7","42900"
"FRBK","2008-11-21","8.6","8.65","7.61","8.1","70400"
"FRBK","2008-11-24","8.24","8.59","7.81","7.95","12500"
"FRBK","2008-11-25","8.26","8.35","7.72","7.72","40200"
"FRBK","2008-11-26","7.76","8.32","7.76","8.2","10800"
"FRBK","2008-11-27","8.2","8.2","8.2","8.2","0"
"FRBK","2008-11-28","8.27","8.37","8.27","8.31","1800"
"FRBK","2008-12-01","8.25","8.25","8.08","8.08","8100"
"FRBK","2008-12-02","8.01","8.24","7.97","8.11","9600"
"FRBK","2008-12-03","8.15","8.26","8.1","8.26","10600"
"FRBK","2008-12-04","8.56","8.56","8.18","8.25","11900"
"FRBK","2008-12-05","8.1","8.26","8.01","8.25","11000"
"FRBK","2008-12-08","8.29","8.75","8.13","8.7","32800"
"FRBK","2008-12-09","8.75","8.75","8.5","8.58","11100"
"FRBK","2008-12-10","8.35","8.75","8.31","8.31","18100"
"FRBK","2008-12-11","8.74","8.74","8.23","8.23","4100"
"FRBK","2008-12-12","8.31","8.74","8.13","8.3","10200"
"FRBK","2008-12-15","8.75","8.75","8.16","8.4","2300"
"FRBK","2008-12-16","8.6","8.69","8.4","8.6","14000"
"FRBK","2008-12-17","8.75","8.75","8.55","8.57","10200"
"FRBK","2008-12-18","8.75","8.85","8.63","8.84","23800"
"FRBK","2008-12-19","8.95","9.0","8.42","8.42","22100"
"FRBK","2008-12-22","8.57","9.0","8.45","8.64","17600"
"FRBK","2008-12-23","8.65","8.87","8.55","8.55","5600"
"FRBK","2008-12-24","8.51","8.6","8.5","8.5","11000"
"FRBK","2008-12-25","8.5","8.5","8.5","8.5","0"
"FRBK","2008-12-26","8.75","8.75","8.47","8.69","2500"
"FRBK","2008-12-29","8.74","8.74","8.65","8.65","800"
"FRBK","2008-12-30","8.56","8.8","8.46","8.8","28400"
"FRBK","2008-12-31","8.75","8.8","8.59","8.8","20900"
"FRBK","2009-01-01","8.8","8.8","8.8","8.8","0"
"FRBK","2009-01-02","8.96","9.0","8.46","9.0","7800"
"FRBK","2009-01-05","8.62","9.0","8.5","8.83","25000"
"FRBK","2009-01-06","8.75","8.9","8.52","8.77","5800"
"FRBK","2009-01-07","8.9","8.96","8.53","8.66","5500"
"FRBK","2009-01-08","8.78","8.79","8.53","8.69","40400"
"FRBK","2009-01-09","8.75","8.75","8.62","8.66","26700"
"FRBK","2009-01-12","8.53","8.75","8.5","8.51","16100"
"FRBK","2009-01-13","8.52","8.52","8.5","8.5","6100"
"FRBK","2009-01-14","8.64","8.69","8.47","8.57","7300"
"FRBK","2009-01-15","8.26","8.52","8.22","8.32","14100"
"FRBK","2009-01-16","8.46","8.75","8.21","8.45","12800"
"FRBK","2009-01-20","8.22","8.3","7.85","7.85","11500"
"FRBK","2009-01-21","7.6","7.88","7.45","7.85","16100"
"FRBK","2009-01-22","7.57","7.8","7.5","7.68","11100"
"FRBK","2009-01-23","7.36","7.62","7.26","7.42","8700"
"FRBK","2009-01-26","7.26","7.28","6.76","7.05","15400"
"FRBK","2009-01-27","7.12","7.22","6.9","7.15","12500"
"FRBK","2009-01-28","7.43","7.9","7.37","7.85","21800"
"FRBK","2009-01-29","7.67","7.67","7.46","7.6","25800"
"FRBK","2009-01-30","7.76","7.98","7.1","7.52","13800"
"FRBK","2009-02-02","7.48","7.6","7.4","7.6","9300"
"FRBK","2009-02-03","7.51","7.9","7.51","7.57","9700"
"FRBK","2009-02-04","7.58","7.79","7.57","7.6","23000"
"FRBK","2009-02-05","7.6","7.71","6.99","7.45","100800"
"FRBK","2009-02-06","7.36","7.65","7.36","7.65","4400"
"FRBK","2009-02-09","7.65","7.73","7.58","7.6","92500"
"FRBK","2009-02-10","7.69","7.69","7.04","7.37","11300"
"FRBK","2009-02-11","7.22","7.3","6.51","7.21","74900"
"FRBK","2009-02-12","6.99","7.59","6.56","7.24","18300"
"FRBK","2009-02-13","7.4","7.5","7.02","7.36","3400"
"FRBK","2009-02-17","7.56","7.56","6.25","6.88","19800"
"FRBK","2009-02-18","6.88","7.25","6.66","6.75","10500"
"FRBK","2009-02-19","7.21","7.37","5.5","5.7","23200"
"FRBK","2009-02-20","5.65","6.24","5.65","6.03","17500"
"FRBK","2009-02-23","6.29","6.36","5.86","5.86","13100"
"FRBK","2009-02-24","6.18","6.18","5.77","6.04","18900"
"FRBK","2009-02-25","5.64","6.05","5.64","5.76","13100"
"FRBK","2009-02-26","5.98","5.98","5.7","5.7","14300"
"FRBK","2009-02-27","5.65","5.81","5.5","5.74","19200"
"FRBK","2009-03-02","5.7","5.7","4.9","4.93","15100"
"FRBK","2009-03-03","4.5","4.9","4.02","4.37","71500"
"FRBK","2009-03-04","4.32","4.63","4.15","4.45","19100"
"FRBK","2009-03-05","4.59","4.59","4.36","4.47","8400"
"FRBK","2009-03-06","4.56","4.69","4.11","4.69","20800"
"FRBK","2009-03-09","4.5","4.98","4.5","4.98","10000"
"FRBK","2009-03-10","5.22","5.9","5.22","5.9","12300"
"FRBK","2009-03-11","5.53","5.76","5.5","5.5","5500"
"FRBK","2009-03-12","5.5","6.74","4.89","6.74","44800"
"FRBK","2009-03-13","6.63","6.66","6.14","6.37","12700"
"FRBK","2009-03-16","6.54","6.6","6.13","6.42","7700"
"FRBK","2009-03-17","6.44","6.6","6.44","6.49","12400"
"FRBK","2009-03-18","6.59","7.12","6.5","6.75","20800"
"FRBK","2009-03-19","6.87","7.25","6.29","6.8","40300"
"FRBK","2009-03-20","6.9","6.99","6.65","6.79","28000"
"FRBK","2009-03-23","6.9","7.49","6.78","7.27","24100"
"FRBK","2009-03-24","7.21","7.69","7.0","7.35","20000"
"FRBK","2009-03-25","7.2","7.41","7.02","7.36","12600"
"FRBK","2009-03-26","7.39","7.42","7.01","7.38","16400"
"FRBK","2009-03-27","7.38","7.38","7.2","7.2","9400"
"FRBK","2009-03-30","7.2","7.32","7.0","7.19","7000"
"FRBK","2009-03-31","7.36","7.36","6.71","7.13","13300"
"FRBK","2009-04-01","6.74","7.42","6.74","7.4","6300"
"FRBK","2009-04-02","7.34","7.5","7.34","7.39","9300"
"FRBK","2009-04-03","7.48","7.97","7.18","7.68","25900"
"FRBK","2009-04-06","7.68","7.99","7.45","7.68","12900"
"FRBK","2009-04-07","7.69","7.69","7.38","7.4","17500"
"FRBK","2009-04-08","7.55","7.62","7.25","7.6","10000"
"FRBK","2009-04-09","7.6","8.15","7.36","7.98","54700"
"FRBK","2009-04-10","7.98","7.98","7.98","7.98","0"
"FRBK","2009-04-13","7.69","8.5","7.69","8.28","34300"
"FRBK","2009-04-14","8.3","8.62","8.07","8.15","27600"
"FRBK","2009-04-15","8.03","8.5","8.0","8.34","32900"
"FRBK","2009-04-16","8.44","8.44","8.11","8.37","8900"
"FRBK","2009-04-17","8.19","8.68","8.07","8.45","28800"
"FRBK","2009-04-20","8.16","8.37","8.05","8.37","10700"
"FRBK","2009-04-21","7.97","8.45","7.75","8.01","28300"
"FRBK","2009-04-22","7.94","8.4","7.94","8.27","15200"
"FRBK","2009-04-23","8.15","8.3","8.07","8.17","7800"
"FRBK","2009-04-24","7.99","8.69","7.89","8.29","8300"
"FRBK","2009-04-27","8.07","8.3","7.95","7.97","12600"
"FRBK","2009-04-28","7.86","8.59","7.86","8.39","6900"
"FRBK","2009-04-29","8.3","8.5","8.05","8.22","24600"
"FRBK","2009-04-30","8.26","8.5","7.86","8.37","11100"
"FRBK","2009-05-01","7.99","8.15","7.89","8.04","7000"
"FRBK","2009-05-04","8.25","8.35","8.06","8.18","12700"
"FRBK","2009-05-05","8.01","8.34","7.89","7.95","40700"
"FRBK","2009-05-06","8.05","8.18","7.9","8.13","21500"
"FRBK","2009-05-07","8.13","8.35","7.84","8.08","38100"
"FRBK","2009-05-08","8.2","8.5","7.93","8.5","17000"
"FRBK","2009-05-11","8.44","8.58","7.75","8.43","29600"
"FRBK","2009-05-12","8.22","8.37","7.79","8.13","19600"
"FRBK","2009-05-13","7.76","8.1","7.76","8.02","19200"
"FRBK","2009-05-14","7.75","8.05","7.75","7.79","10500"
"FRBK","2009-05-15","7.88","8.31","7.88","8.12","24300"
"FRBK","2009-05-18","8.04","8.25","8.04","8.15","15300"
"FRBK","2009-05-19","8.07","8.58","8.07","8.34","66200"
"FRBK","2009-05-20","8.36","8.5","8.21","8.21","5000"
"FRBK","2009-05-21","8.19","8.21","7.9","8.12","33700"
"FRBK","2009-05-22","8.09","8.15","7.76","7.86","3700"
"FRBK","2009-05-26","8.14","8.14","7.7","7.92","8300"
"FRBK","2009-05-27","7.8","7.81","7.26","7.26","13700"
"FRBK","2009-05-28","7.41","7.63","7.27","7.46","15200"
"FRBK","2009-05-29","7.61","7.78","7.21","7.78","13600"
"FRBK","2009-06-01","7.88","7.98","7.21","7.41","10200"
"FRBK","2009-06-02","7.55","7.84","7.36","7.76","19300"
"FRBK","2009-06-03","7.82","7.83","7.45","7.5","13200"
"FRBK","2009-06-04","7.47","7.56","7.41","7.53","4400"
"FRBK","2009-06-05","7.44","7.77","7.33","7.45","15400"
"FRBK","2009-06-08","7.45","7.61","7.45","7.59","16200"
"FRBK","2009-06-09","7.59","7.59","7.2","7.46","9800"
"FRBK","2009-06-10","7.53","7.63","7.34","7.51","3200"
"FRBK","2009-06-11","7.77","7.84","7.28","7.84","11400"
"FRBK","2009-06-12","7.82","7.97","7.65","7.97","6600"
"FRBK","2009-06-15","7.51","7.75","7.51","7.75","10600"
"FRBK","2009-06-16","7.75","7.75","7.6","7.62","7200"
"FRBK","2009-06-17","7.7","7.74","7.5","7.71","14200"
"FRBK","2009-06-18","7.69","7.69","7.64","7.68","6300"
"FRBK","2009-06-19","7.7","7.7","7.48","7.54","21700"
"FRBK","2009-06-22","7.57","7.62","7.41","7.51","22400"
"FRBK","2009-06-23","7.57","7.62","7.39","7.39","17400"
"FRBK","2009-06-24","7.45","7.46","7.3","7.36","21800"
"FRBK","2009-06-25","7.4","7.42","7.15","7.38","27100"
"FRBK","2009-06-26","7.37","7.94","7.3","7.93","901500"
"FRBK","2009-06-29","7.63","8.0","7.51","7.64","68400"
"FRBK","2009-06-30","7.68","7.86","7.61","7.8","33600"
"FRBK","2009-07-01","7.83","8.1","7.63","7.93","48200"
"FRBK","2009-07-02","7.87","8.03","7.32","7.9","33400"
"FRBK","2009-07-03","7.9","7.9","7.9","7.9","0"
"FRBK","2009-07-06","7.93","7.94","7.18","7.83","19400"
"FRBK","2009-07-07","7.86","7.89","7.58","7.64","25600"
"FRBK","2009-07-08","7.7","7.7","7.18","7.22","17000"
"FRBK","2009-07-09","7.28","7.59","7.23","7.23","34400"
"FRBK","2009-07-10","7.2","7.3","7.07","7.12","8700"
"FRBK","2009-07-13","7.15","7.27","6.74","7.23","40000"
"FRBK","2009-07-14","7.24","7.55","7.07","7.13","18200"
"FRBK","2009-07-15","7.11","7.42","6.95","7.17","21200"
"FRBK","2009-07-16","7.14","7.44","7.1","7.24","7800"
"FRBK","2009-07-17","7.25","7.35","6.99","6.99","18700"
"FRBK","2009-07-20","7.03","7.32","7.03","7.2","13300"
"FRBK","2009-07-21","7.23","7.28","6.69","6.94","74800"
"FRBK","2009-07-22","6.92","7.33","6.84","7.02","82600"
"FRBK","2009-07-23","6.93","7.08","6.85","6.93","18600"
"FRBK","2009-07-24","6.8","7.05","6.76","7.0","18500"
"FRBK","2009-07-27","7.0","7.08","6.89","7.08","7100"
"FRBK","2009-07-28","7.08","7.14","7.0","7.12","12300"
"FRBK","2009-07-29","7.1","7.15","7.06","7.1","14800"
"FRBK","2009-07-30","7.12","7.13","6.95","7.1","20300"
"FRBK","2009-07-31","7.07","7.15","6.97","7.07","15100"
"FRBK","2009-08-03","6.89","7.2","6.85","7.1","19300"
"FRBK","2009-08-04","7.1","7.22","7.1","7.17","4000"
"FRBK","2009-08-05","7.01","7.1","6.93","7.03","9100"
"FRBK","2009-08-06","7.11","7.25","7.06","7.06","9900"
"FRBK","2009-08-07","7.2","7.2","6.88","6.93","17500"
"FRBK","2009-08-10","6.92","6.94","6.74","6.93","9300"
"FRBK","2009-08-11","6.91","7.03","6.5","6.57","14900"
"FRBK","2009-08-12","6.6","6.99","6.5","6.9","16400"
"FRBK","2009-08-13","6.92","6.99","6.79","6.92","8500"
"FRBK","2009-08-14","6.95","6.95","6.73","6.73","13600"
"FRBK","2009-08-17","6.58","6.73","6.58","6.61","8600"
"FRBK","2009-08-18","6.63","6.96","6.63","6.85","5900"
"FRBK","2009-08-19","6.82","6.98","6.55","6.81","10100"
"FRBK","2009-08-20","6.76","6.93","6.5","6.93","7200"
"FRBK","2009-08-21","6.98","6.98","6.7","6.82","18600"
"FRBK","2009-08-24","6.73","7.1","6.51","6.83","15900"
"FRBK","2009-08-25","6.84","6.84","6.42","6.67","19200"
"FRBK","2009-08-26","6.5","6.8","6.29","6.7","10100"
"FRBK","2009-08-27","6.79","6.79","6.31","6.74","15000"
"FRBK","2009-08-28","6.67","7.0","6.29","6.56","11300"
"FRBK","2009-08-31","6.44","6.44","5.77","6.18","46900"
"FRBK","2009-09-01","6.13","6.24","5.63","5.79","32700"
"FRBK","2009-09-02","5.77","6.03","5.53","5.71","31900"
"FRBK","2009-09-03","5.74","6.01","5.73","5.94","17600"
"FRBK","2009-09-04","6.0","6.19","5.93","6.13","20800"
"FRBK","2009-09-08","6.13","6.13","5.62","5.89","27900"
"FRBK","2009-09-09","5.92","6.06","5.5","5.67","12600"
"FRBK","2009-09-10","5.68","5.7","5.4","5.61","14300"
"FRBK","2009-09-11","5.5","5.61","5.04","5.53","29600"
"FRBK","2009-09-14","5.66","5.66","5.5","5.62","38500"
"FRBK","2009-09-15","5.74","6.13","5.56","5.79","76400"
"FRBK","2009-09-16","5.7","5.91","5.7","5.91","11500"
"FRBK","2009-09-17","5.93","5.95","5.86","5.87","4900"
"FRBK","2009-09-18","5.79","5.91","5.64","5.83","47800"
"FRBK","2009-09-21","5.82","5.82","5.14","5.54","67400"
"FRBK","2009-09-22","5.59","5.59","5.01","5.35","76500"
"FRBK","2009-09-23","5.23","5.39","5.14","5.35","18600"
"FRBK","2009-09-24","5.13","5.13","4.96","4.96","28200"
"FRBK","2009-09-25","4.85","4.85","4.27","4.44","127000"
"FRBK","2009-09-28","4.46","4.65","4.26","4.53","43100"
"FRBK","2009-09-29","4.53","4.77","4.46","4.7","17200"
"FRBK","2009-09-30","4.58","4.73","4.43","4.54","38000"
"FRBK","2009-10-01","4.54","4.58","4.4","4.49","13700"
"FRBK","2009-10-02","4.47","4.73","4.47","4.52","10900"
"FRBK","2009-10-05","4.54","4.65","4.51","4.54","22700"
"FRBK","2009-10-06","4.54","4.82","4.5","4.64","27100"
"FRBK","2009-10-07","4.68","4.76","4.68","4.72","4600"
"FRBK","2009-10-08","4.81","4.92","4.75","4.86","18800"
"FRBK","2009-10-09","4.87","4.94","4.78","4.94","6600"
"FRBK","2009-10-12","4.94","4.94","4.75","4.83","14600"
"FRBK","2009-10-13","4.76","4.81","4.74","4.74","8300"
"FRBK","2009-10-14","4.79","5.0","4.75","4.87","12900"
"FRBK","2009-10-15","4.9","4.95","4.76","4.93","24500"
"FRBK","2009-10-16","4.89","4.92","4.8","4.81","12600"
"FRBK","2009-10-19","4.75","4.75","4.59","4.64","30700"
"FRBK","2009-10-20","4.62","4.64","4.49","4.49","27900"
"FRBK","2009-10-21","4.44","4.64","4.32","4.5","25300"
"FRBK","2009-10-22","4.5","4.55","4.45","4.49","27700"
"FRBK","2009-10-23","4.58","4.62","4.46","4.5","20700"
"FRBK","2009-10-26","4.55","4.6","4.35","4.36","16900"
"FRBK","2009-10-27","4.39","5.05","4.35","4.35","16100"
"FRBK","2009-10-28","4.44","4.44","4.3","4.33","24100"
"FRBK","2009-10-29","4.35","4.5","4.34","4.45","28400"
"FRBK","2009-10-30","4.37","4.45","4.35","4.4","27300"
"FRBK","2009-11-02","4.43","4.45","4.2","4.29","28900"
"FRBK","2009-11-03","4.3","4.38","4.17","4.23","17300"
"FRBK","2009-11-04","4.25","4.29","4.14","4.14","19900"
"FRBK","2009-11-05","4.17","4.17","3.91","4.16","25000"
"FRBK","2009-11-06","4.12","4.12","4.01","4.08","7900"
"FRBK","2009-11-09","4.09","4.23","4.06","4.12","11600"
"FRBK","2009-11-10","4.15","4.15","4.01","4.12","24500"
"FRBK","2009-11-11","4.17","4.29","4.02","4.07","31400"
"FRBK","2009-11-12","4.08","4.1","3.87","3.89","26800"
"FRBK","2009-11-13","3.91","4.29","3.85","3.93","25000"
"FRBK","2009-11-16","4.0","4.26","3.96","4.17","21800"
"FRBK","2009-11-17","4.15","4.21","4.0","4.19","14700"
"FRBK","2009-11-18","4.2","4.33","4.01","4.16","11300"
"FRBK","2009-11-19","4.08","4.1","4.0","4.02","42400"
"FRBK","2009-11-20","3.98","4.05","3.95","4.0","37200"
"FRBK","2009-11-23","4.05","4.1","3.98","3.99","36000"
"FRBK","2009-11-24","4.0","4.13","3.93","4.01","22500"
"FRBK","2009-11-25","4.05","4.1","4.01","4.02","10400"
"FRBK","2009-11-26","4.02","4.02","4.02","4.02","0"
"FRBK","2009-11-27","3.97","4.02","3.94","3.94","5500"
"FRBK","2009-11-30","3.97","4.0","3.82","3.88","65000"
"FRBK","2009-12-01","3.9","3.96","3.87","3.93","55300"
"FRBK","2009-12-02","3.9","3.94","3.88","3.89","21800"
"FRBK","2009-12-03","3.9","3.93","3.83","3.84","32400"
"FRBK","2009-12-04","3.9","3.93","3.81","3.91","41300"
"FRBK","2009-12-07","3.9","3.93","3.85","3.9","9500"
"FRBK","2009-12-08","3.89","3.92","3.85","3.91","43200"
"FRBK","2009-12-09","3.91","3.95","3.85","3.93","15800"
"FRBK","2009-12-10","3.91","4.05","3.91","3.98","18900"
"FRBK","2009-12-11","3.98","4.15","3.97","4.05","28600"
"FRBK","2009-12-14","4.06","4.36","4.04","4.17","22200"
"FRBK","2009-12-15","4.21","4.35","4.15","4.15","51900"
"FRBK","2009-12-16","4.19","4.22","4.1","4.11","36800"
"FRBK","2009-12-17","4.12","4.22","4.08","4.08","41200"
"FRBK","2009-12-18","4.14","4.22","4.1","4.15","51900"
"FRBK","2009-12-21","4.16","4.24","4.11","4.16","23000"
"FRBK","2009-12-22","4.11","4.24","4.1","4.1","31100"
"FRBK","2009-12-23","4.14","4.32","4.0","4.13","89400"
"FRBK","2009-12-24","4.35","4.41","4.28","4.32","48800"
"FRBK","2009-12-25","4.32","4.32","4.32","4.32","0"
"FRBK","2009-12-28","4.35","4.37","4.05","4.24","30100"
"FRBK","2009-12-29","4.23","4.51","4.18","4.38","21300"
"FRBK","2009-12-30","4.38","4.48","4.25","4.37","29800"
"FRBK","2009-12-31","4.29","4.47","4.25","4.27","43000"
"FRBK","2010-01-01","4.27","4.27","4.27","4.27","0"
"FRBK","2010-01-04","4.36","4.56","4.34","4.54","18000"
"FRBK","2010-01-05","4.53","4.76","4.53","4.76","24400"
"FRBK","2010-01-06","4.73","4.75","4.58","4.66","9400"
"FRBK","2010-01-07","4.62","4.88","4.4","4.85","23500"
"FRBK","2010-01-08","4.83","4.95","4.83","4.94","6400"
"FRBK","2010-01-11","4.97","5.0","4.85","4.92","12600"
"FRBK","2010-01-12","4.88","4.9","4.75","4.81","7900"
"FRBK","2010-01-13","4.8","4.99","4.77","4.92","8400"
"FRBK","2010-01-14","4.86","4.87","4.76","4.81","6100"
"FRBK","2010-01-15","4.85","4.9","4.75","4.75","11300"
"FRBK","2010-01-18","4.75","4.75","4.75","4.75","0"
"FRBK","2010-01-19","4.75","5.12","4.66","5.12","21700"
"FRBK","2010-01-20","5.08","5.3","5.0","5.05","10600"
"FRBK","2010-01-21","5.07","5.07","4.66","4.66","23500"
"FRBK","2010-01-22","4.67","4.67","4.5","4.55","33500"
"FRBK","2010-01-25","4.59","4.67","4.53","4.59","16500"
"FRBK","2010-01-26","4.5","4.56","4.5","4.51","11400"
"FRBK","2010-01-27","4.48","4.54","4.44","4.5","20500"
"FRBK","2010-01-28","4.52","4.65","4.32","4.35","13100"
"FRBK","2010-01-29","4.35","4.51","4.32","4.37","11800"
"FRBK","2010-02-01","4.4","4.63","4.32","4.61","25100"
"FRBK","2010-02-02","4.9","4.9","4.46","4.5","62200"
"FRBK","2010-02-03","4.46","4.46","4.3","4.4","16700"
"FRBK","2010-02-04","4.39","4.49","4.16","4.16","37200"
"FRBK","2010-02-05","4.28","4.28","4.12","4.15","11800"
"FRBK","2010-02-08","4.15","4.16","3.91","3.92","16900"
"FRBK","2010-02-09","3.95","4.06","3.92","4.05","11500"
"FRBK","2010-02-10","4.02","4.06","3.94","3.98","17200"
"FRBK","2010-02-11","3.95","4.15","3.95","4.1","10800"
"FRBK","2010-02-12","4.02","4.18","4.02","4.11","13000"
"FRBK","2010-02-15","4.11","4.11","4.11","4.11","0"
"FRBK","2010-02-16","4.12","4.24","4.12","4.24","6200"
"FRBK","2010-02-17","4.27","4.39","4.25","4.32","8800"
"FRBK","2010-02-18","4.3","4.38","4.3","4.38","4400"
"FRBK","2010-02-19","4.37","4.4","4.3","4.34","14800"
"FRBK","2010-02-22","4.35","4.47","4.25","4.27","19100"
"FRBK","2010-02-23","4.25","4.32","4.22","4.24","13400"
"FRBK","2010-02-24","4.21","4.35","4.21","4.26","4000"
"FRBK","2010-02-25","4.18","4.26","4.16","4.25","7800"
"FRBK","2010-02-26","4.25","4.25","3.99","4.16","21700"
"FRBK","2010-03-01","4.16","4.2","4.09","4.2","8900"
"FRBK","2010-03-02","4.22","4.32","4.16","4.25","11200"
"FRBK","2010-03-03","4.28","4.28","4.13","4.24","15100"
"FRBK","2010-03-04","4.09","4.35","4.05","4.23","11700"
"FRBK","2010-03-05","4.23","4.4","4.17","4.4","10200"
"FRBK","2010-03-08","4.4","4.43","4.22","4.34","17200"
"FRBK","2010-03-09","4.28","4.45","4.28","4.41","7200"
"FRBK","2010-03-10","4.39","4.4","4.1","4.19","25100"
"FRBK","2010-03-11","4.1","4.21","3.87","4.2","34100"
"FRBK","2010-03-12","4.19","4.35","4.12","4.24","8400"
"FRBK","2010-03-15","4.18","4.5","4.08","4.4","21800"
"FRBK","2010-03-16","4.02","4.02","2.98","3.22","618900"
"FRBK","2010-03-17","3.37","3.44","3.23","3.32","231600"
"FRBK","2010-03-18","3.31","3.36","3.2","3.28","83900"
"FRBK","2010-03-19","3.28","3.44","3.18","3.32","141200"
"FRBK","2010-03-22","3.34","3.51","3.18","3.51","135100"
"FRBK","2010-03-23","3.51","3.52","3.37","3.5","52900"
"FRBK","2010-03-24","3.49","3.55","3.4","3.44","89600"
"FRBK","2010-03-25","3.55","3.7","3.5","3.61","84000"
"FRBK","2010-03-26","3.6","3.8","3.6","3.76","88300"
"FRBK","2010-03-29","3.77","4.1","3.72","4.03","65900"
"FRBK","2010-03-30","4.02","4.23","4.01","4.1","107600"
"FRBK","2010-03-31","4.14","4.24","3.87","3.87","72900"
"FRBK","2010-04-01","3.9","4.11","3.8","3.83","40800"
"FRBK","2010-04-02","3.83","3.83","3.83","3.83","0"
"FRBK","2010-04-05","3.96","4.08","3.91","4.08","36100"
"FRBK","2010-04-06","4.07","4.35","4.07","4.21","64600"
"FRBK","2010-04-07","4.18","4.33","4.09","4.25","44400"
"FRBK","2010-04-08","4.25","4.28","4.14","4.16","13000"
"FRBK","2010-04-09","4.01","4.25","4.01","4.1","17900"
"FRBK","2010-04-12","4.11","4.12","3.91","3.91","33200"
"FRBK","2010-04-13","3.98","4.15","3.91","3.93","17400"
"FRBK","2010-04-14","3.96","4.0","3.96","4.0","16800"
"FRBK","2010-04-15","3.99","3.99","3.7","3.8","36000"
"FRBK","2010-04-16","3.8","3.87","3.7","3.72","44500"
"FRBK","2010-04-19","3.7","3.91","3.7","3.91","24800"
"FRBK","2010-04-20","4.0","4.0","3.73","3.83","20400"
"FRBK","2010-04-21","3.83","3.96","3.83","3.96","37100"
"FRBK","2010-04-22","3.93","4.0","3.82","3.94","34000"
"FRBK","2010-04-23","3.92","3.99","3.91","3.93","17900"
"FRBK","2010-04-26","3.7","4.49","3.61","4.1","195900"
"FRBK","2010-04-27","4.09","4.18","4.09","4.1","49900"
"FRBK","2010-04-28","4.14","4.19","4.13","4.14","14200"
"FRBK","2010-04-29","4.15","4.15","3.8","3.95","41500"
"FRBK","2010-04-30","3.95","3.95","3.73","3.73","26600"
"FRBK","2010-05-03","3.81","4.09","3.46","3.59","64700"
"FRBK","2010-05-04","3.51","3.54","3.35","3.42","26400"
"FRBK","2010-05-05","3.31","3.47","3.25","3.26","50600"
"FRBK","2010-05-06","3.25","3.84","3.25","3.58","102200"
"FRBK","2010-05-07","3.64","3.64","3.29","3.29","48700"
"FRBK","2010-05-10","3.72","3.76","3.2","3.38","59800"
"FRBK","2010-05-11","3.26","3.58","3.25","3.46","25800"
"FRBK","2010-05-12","3.49","3.68","3.38","3.66","33500"
"FRBK","2010-05-13","3.58","3.66","3.42","3.61","20800"
"FRBK","2010-05-14","3.5","3.5","3.28","3.4","33800"
"FRBK","2010-05-17","3.43","3.5","3.27","3.28","12300"
"FRBK","2010-05-18","3.29","3.46","3.01","3.12","18100"
"FRBK","2010-05-19","3.13","3.35","3.1","3.15","26300"
"FRBK","2010-05-20","3.11","3.35","3.02","3.03","22500"
"FRBK","2010-05-21","3.02","3.04","3.0","3.03","23500"
"FRBK","2010-05-24","3.04","3.18","3.0","3.0","16300"
"FRBK","2010-05-25","3.0","3.18","2.9","3.07","23700"
"FRBK","2010-05-26","3.16","3.3","2.93","3.24","35700"
"FRBK","2010-05-27","3.3","3.3","3.04","3.13","22600"
"FRBK","2010-05-28","3.02","3.04","2.96","2.97","26000"
"FRBK","2010-05-31","2.97","2.97","2.97","2.97","0"
"FRBK","2010-06-01","2.93","2.94","2.8","2.83","27000"
"FRBK","2010-06-02","2.75","2.9","2.51","2.7","72000"
"FRBK","2010-06-03","2.68","2.74","2.6","2.61","23900"
"FRBK","2010-06-04","2.57","2.67","2.55","2.56","16900"
"FRBK","2010-06-07","2.56","2.56","2.15","2.15","63800"
"FRBK","2010-06-08","2.11","2.15","2.05","2.1","75500"
"FRBK","2010-06-09","2.12","2.29","2.1","2.22","49500"
"FRBK","2010-06-10","2.26","2.34","2.2","2.25","47900"
"FRBK","2010-06-11","2.24","2.46","2.21","2.45","62500"
"FRBK","2010-06-14","2.47","2.5","2.33","2.4","72300"
"FRBK","2010-06-15","2.39","2.46","2.27","2.38","58500"
"FRBK","2010-06-16","2.35","2.48","2.34","2.37","120100"
"FRBK","2010-06-17","2.36","2.41","2.32","2.41","31800"
"FRBK","2010-06-18","2.43","2.47","2.24","2.38","107900"
"FRBK","2010-06-21","2.41","2.42","2.02","2.02","278800"
"FRBK","2010-06-22","1.98","2.0","1.8","1.8","2111100"
"FRBK","2010-06-23","1.87","1.95","1.82","1.87","624800"
"FRBK","2010-06-24","1.91","1.91","1.82","1.86","229500"
"FRBK","2010-06-25","1.75","1.94","1.75","1.82","968200"
"FRBK","2010-06-28","1.85","1.98","1.85","1.95","522700"
"FRBK","2010-06-29","2.09","2.09","1.9","1.96","204700"
"FRBK","2010-06-30","1.94","1.98","1.9","1.95","110900"
"FRBK","2010-07-01","1.9","1.98","1.82","1.87","117200"
"FRBK","2010-07-02","1.89","1.9","1.85","1.86","34100"
"FRBK","2010-07-05","1.86","1.86","1.86","1.86","0"
"FRBK","2010-07-06","1.94","1.99","1.9","1.93","273400"
"FRBK","2010-07-07","1.99","2.01","1.92","1.94","112400"
"FRBK","2010-07-08","2.0","2.18","1.9","2.05","444200"
"FRBK","2010-07-09","2.04","2.24","2.03","2.21","231700"
"FRBK","2010-07-12","2.24","2.41","2.22","2.35","281900"
"FRBK","2010-07-13","2.44","2.44","2.22","2.31","147700"
"FRBK","2010-07-14","2.36","2.38","2.19","2.19","128600"
"FRBK","2010-07-15","2.23","2.27","2.1","2.21","95600"
"FRBK","2010-07-16","2.19","2.3","2.11","2.17","106400"
"FRBK","2010-07-19","2.17","2.22","2.12","2.14","111700"
"FRBK","2010-07-20","2.16","2.21","2.12","2.14","112700"
"FRBK","2010-07-21","2.12","2.2","2.06","2.06","98900"
"FRBK","2010-07-22","2.11","2.15","1.98","1.99","160500"
"FRBK","2010-07-23","2.02","2.08","1.99","2.0","152800"
"FRBK","2010-07-26","2.04","2.13","2.02","2.05","83200"
"FRBK","2010-07-27","2.1","2.11","2.02","2.05","134800"
"FRBK","2010-07-28","2.05","2.13","2.05","2.08","33400"
"FRBK","2010-07-29","2.06","2.1","2.02","2.07","68900"
"FRBK","2010-07-30","2.02","2.08","2.02","2.02","35000"
"FRBK","2010-08-02","2.02","2.09","1.98","2.05","153300"
"FRBK","2010-08-03","2.04","2.06","1.99","1.99","42500"
"FRBK","2010-08-04","1.99","2.2","1.99","2.03","42200"
"FRBK","2010-08-05","2.02","2.05","2.0","2.05","91900"
"FRBK","2010-08-06","2.04","2.06","2.0","2.06","56800"
"FRBK","2010-08-09","2.04","2.05","1.99","1.99","46700"
"FRBK","2010-08-10","2.0","2.03","1.97","2.0","39100"
"FRBK","2010-08-11","1.97","2.05","1.94","2.05","216500"
"FRBK","2010-08-12","2.03","2.14","1.96","1.96","129900"
"FRBK","2010-08-13","1.97","2.02","1.97","2.0","40900"
"FRBK","2010-08-16","1.98","2.04","1.95","1.95","31800"
"FRBK","2010-08-17","1.95","2.0","1.94","1.94","33200"
"FRBK","2010-08-18","2.18","2.18","1.87","1.93","90100"
"FRBK","2010-08-19","1.96","1.97","1.83","1.9","55000"
"FRBK","2010-08-20","1.9","1.95","1.82","1.85","39000"
"FRBK","2010-08-23","1.92","1.97","1.75","1.76","73600"
"FRBK","2010-08-24","1.76","1.8","1.71","1.71","50800"
"FRBK","2010-08-25","1.7","1.85","1.7","1.83","17900"
"FRBK","2010-08-26","1.81","1.84","1.63","1.63","103300"
"FRBK","2010-08-27","1.67","1.7","1.63","1.63","41600"
"FRBK","2010-08-30","1.65","1.75","1.62","1.69","57100"
"FRBK","2010-08-31","1.66","1.76","1.66","1.75","19700"
"FRBK","2010-09-01","1.77","1.9","1.77","1.88","42100"
"FRBK","2010-09-02","1.88","1.89","1.78","1.8","14400"
"FRBK","2010-09-03","1.87","1.87","1.78","1.78","36500"
"FRBK","2010-09-06","1.78","1.78","1.78","1.78","0"
"FRBK","2010-09-07","1.76","1.84","1.75","1.75","35300"
"FRBK","2010-09-08","1.72","1.83","1.65","1.66","55000"
"FRBK","2010-09-09","1.69","1.75","1.63","1.68","36200"
"FRBK","2010-09-10","1.74","1.84","1.69","1.83","64500"
"FRBK","2010-09-13","1.8","1.88","1.79","1.86","180800"
"FRBK","2010-09-14","1.8","1.85","1.77","1.82","41000"
"FRBK","2010-09-15","1.8","2.03","1.79","1.99","286500"
"FRBK","2010-09-16","1.97","2.2","1.92","2.18","531100"
"FRBK","2010-09-17","2.16","2.22","2.0","2.0","119000"
"FRBK","2010-09-20","2.1","2.15","2.0","2.05","25200"
"FRBK","2010-09-21","2.08","2.14","2.05","2.05","108800"
"FRBK","2010-09-22","2.06","2.07","1.98","2.0","12600"
"FRBK","2010-09-23","1.97","2.02","1.92","1.95","16800"
"FRBK","2010-09-24","1.95","1.99","1.9","1.95","32800"
"FRBK","2010-09-27","1.98","1.99","1.9","1.94","11900"
"FRBK","2010-09-28","1.98","1.99","1.85","1.9","44800"
"FRBK","2010-09-29","1.87","2.01","1.87","1.97","36000"
"FRBK","2010-09-30","2.0","2.04","1.87","2.03","105300"
"FRBK","2010-10-01","2.0","2.0","1.97","1.98","12200"
"FRBK","2010-10-04","2.05","2.05","1.95","1.97","26400"
"FRBK","2010-10-05","1.95","1.98","1.93","1.95","33700"
"FRBK","2010-10-06","1.95","1.95","1.93","1.93","8700"
"FRBK","2010-10-07","1.94","2.0","1.9","1.91","9500"
"FRBK","2010-10-08","1.89","2.01","1.89","2.01","31700"
"FRBK","2010-10-11","2.02","2.05","2.0","2.0","7500"
"FRBK","2010-10-12","2.0","2.06","2.0","2.06","7000"
"FRBK","2010-10-13","2.03","2.1","2.01","2.07","58500"
"FRBK","2010-10-14","2.05","2.11","2.05","2.06","49600"
"FRBK","2010-10-15","2.12","2.18","2.04","2.16","539100"
"FRBK","2010-10-18","2.15","2.25","2.11","2.22","106700"
"FRBK","2010-10-19","2.17","2.27","2.15","2.17","59200"
"FRBK","2010-10-20","2.16","2.29","2.11","2.29","76200"
"FRBK","2010-10-21","2.2","2.26","2.14","2.14","109600"
"FRBK","2010-10-22","2.12","2.12","2.1","2.11","16400"
"FRBK","2010-10-25","2.16","2.22","2.1","2.1","26700"
"FRBK","2010-10-26","2.08","2.21","2.05","2.08","28400"
"FRBK","2010-10-27","2.08","2.1","2.05","2.05","9900"
"FRBK","2010-10-28","2.06","2.2","2.05","2.05","19500"
"FRBK","2010-10-29","2.05","2.27","2.0","2.17","46500"
"FRBK","2010-11-01","2.13","2.17","2.12","2.13","74400"
"FRBK","2010-11-02","2.14","2.17","2.1","2.17","79100"
"FRBK","2010-11-03","2.16","2.16","2.07","2.08","34800"
"FRBK","2010-11-04","2.14","2.15","2.06","2.14","44900"
"FRBK","2010-11-05","2.11","2.2","2.11","2.2","68700"
"FRBK","2010-11-08","2.22","2.25","2.19","2.21","13100"
"FRBK","2010-11-09","2.23","2.24","2.2","2.2","22400"
"FRBK","2010-11-10","2.19","2.23","2.16","2.16","11900"
"FRBK","2010-11-11","2.11","2.14","2.1","2.11","9600"
"FRBK","2010-11-12","2.14","2.14","2.09","2.1","39100"
"FRBK","2010-11-15","2.07","2.16","2.07","2.12","6800"
"FRBK","2010-11-16","2.1","2.18","2.05","2.15","116700"
"FRBK","2010-11-17","2.15","2.15","2.05","2.08","21700"
"FRBK","2010-11-18","2.19","2.23","2.15","2.2","98600"
"FRBK","2010-11-19","2.16","2.23","2.1","2.23","77300"
"FRBK","2010-11-22","2.15","2.25","2.14","2.19","40600"
"FRBK","2010-11-23","2.13","2.19","2.11","2.14","38400"
"FRBK","2010-11-24","2.11","2.23","2.07","2.13","51200"
"FRBK","2010-11-26","2.12","2.14","2.11","2.14","1300"
"FRBK","2010-11-29","2.14","2.14","2.04","2.05","34100"
"FRBK","2010-11-30","2.08","2.09","2.05","2.09","8600"
"FRBK","2010-12-01","2.07","2.11","2.0","2.04","30700"
"FRBK","2010-12-02","2.01","2.06","2.01","2.02","55000"
"FRBK","2010-12-03","2.04","2.04","2.0","2.0","58800"
"FRBK","2010-12-06","1.97","2.08","1.9","2.02","50500"
"FRBK","2010-12-07","2.05","2.1","2.03","2.05","39300"
"FRBK","2010-12-08","2.04","2.08","2.04","2.05","98300"
"FRBK","2010-12-09","2.08","2.17","2.06","2.14","96900"
"FRBK","2010-12-10","2.16","2.2","2.1","2.16","29900"
"FRBK","2010-12-13","2.14","2.2","2.14","2.19","43700"
"FRBK","2010-12-14","2.22","2.29","2.19","2.2","74100"
"FRBK","2010-12-15","2.2","2.21","2.15","2.21","65500"
"FRBK","2010-12-16","2.17","2.21","2.17","2.21","18500"
"FRBK","2010-12-17","2.2","2.22","2.16","2.19","22300"
"FRBK","2010-12-20","2.16","2.25","2.16","2.2","34600"
"FRBK","2010-12-21","2.17","2.4","2.17","2.34","72000"
"FRBK","2010-12-22","2.34","2.4","2.3","2.38","53500"
"FRBK","2010-12-23","2.34","2.34","2.21","2.25","34800"
"FRBK","2010-12-27","2.2","2.39","2.2","2.32","50000"
"FRBK","2010-12-28","2.35","2.36","2.3","2.33","46000"
"FRBK","2010-12-29","2.34","2.38","2.29","2.35","41100"
"FRBK","2010-12-30","2.32","2.38","2.32","2.33","28100"
"FRBK","2010-12-31","2.31","2.46","2.31","2.44","35300"
"FRBK","2011-01-03","2.47","2.54","2.47","2.5","51200"
"FRBK","2011-01-04","2.52","2.53","2.48","2.5","30500"
"FRBK","2011-01-05","2.54","2.54","2.45","2.46","51900"
"FRBK","2011-01-06","2.47","2.52","2.42","2.5","38900"
"FRBK","2011-01-07","2.51","2.53","2.48","2.52","30900"
"FRBK","2011-01-10","2.52","2.74","2.48","2.61","58600"
"FRBK","2011-01-11","2.65","3.0","2.64","2.99","215800"
"FRBK","2011-01-12","3.05","3.09","2.63","2.83","150300"
"FRBK","2011-01-13","2.73","2.91","2.69","2.85","40500"
"FRBK","2011-01-14","2.84","3.06","2.82","3.0","69000"
"FRBK","2011-01-18","2.96","3.16","2.96","3.13","105900"
"FRBK","2011-01-19","3.17","3.17","3.02","3.13","89100"
"FRBK","2011-01-20","3.04","3.19","3.04","3.17","88500"
"FRBK","2011-01-21","3.18","3.29","3.16","3.23","92100"
"FRBK","2011-01-24","3.2","3.24","3.02","3.14","176000"
"FRBK","2011-01-25","3.18","3.18","2.94","3.06","89800"
"FRBK","2011-01-26","3.01","3.1","2.94","3.04","47000"
"FRBK","2011-01-27","3.01","3.2","3.0","3.2","31200"
"FRBK","2011-01-28","3.23","3.3","3.15","3.16","87800"
"FRBK","2011-01-31","3.16","3.2","3.11","3.15","28000"
"FRBK","2011-02-01","3.15","3.25","3.15","3.21","54900"
"FRBK","2011-02-02","3.19","3.25","3.19","3.23","40200"
"FRBK","2011-02-03","3.21","3.27","3.21","3.24","50500"
"FRBK","2011-02-04","3.22","3.24","3.2","3.2","20300"
"FRBK","2011-02-07","3.2","3.25","3.2","3.22","55100"
"FRBK","2011-02-08","3.25","3.25","3.18","3.2","32900"
"FRBK","2011-02-09","3.19","3.21","3.17","3.18","22800"
"FRBK","2011-02-10","3.18","3.2","3.18","3.19","6700"
"FRBK","2011-02-11","3.17","3.22","3.17","3.2","17400"
"FRBK","2011-02-14","3.2","3.22","3.16","3.19","21600"
"FRBK","2011-02-15","3.2","3.21","3.18","3.18","13400"
"FRBK","2011-02-16","3.18","3.18","3.05","3.06","16100"
"FRBK","2011-02-17","3.05","3.05","2.77","2.95","125800"
"FRBK","2011-02-18","3.0","3.04","2.88","3.02","34600"
"FRBK","2011-02-22","2.93","3.01","2.93","3.0","9200"
"FRBK","2011-02-23","3.03","3.05","2.85","2.96","32300"
"FRBK","2011-02-24","2.92","3.0","2.84","2.92","40700"
"FRBK","2011-02-25","2.9","3.0","2.88","2.88","10600"
"FRBK","2011-02-28","2.86","2.98","2.85","2.93","7800"
"FRBK","2011-03-01","2.93","2.97","2.88","2.93","15900"
"FRBK","2011-03-02","2.94","2.95","2.93","2.95","22000"
"FRBK","2011-03-03","2.93","3.13","2.92","2.98","46800"
"FRBK","2011-03-04","2.96","3.07","2.96","3.07","2800"
"FRBK","2011-03-07","3.03","3.1","2.93","3.02","21800"
"FRBK","2011-03-08","3.0","3.03","2.98","3.03","5200"
"FRBK","2011-03-09","3.06","3.06","2.89","3.04","10400"
"FRBK","2011-03-10","2.88","3.08","2.86","3.0","33500"
"FRBK","2011-03-11","3.0","3.01","2.9","2.93","12700"
"FRBK","2011-03-14","2.92","2.98","2.9","2.95","2300"
"FRBK","2011-03-15","2.86","2.93","2.85","2.9","9800"
"FRBK","2011-03-16","2.91","2.92","2.91","2.92","1300"
"FRBK","2011-03-17","2.9","2.92","2.88","2.89","8600"
"FRBK","2011-03-18","2.95","3.08","2.92","3.08","60600"
"FRBK","2011-03-21","3.1","3.1","2.97","3.02","39700"
"FRBK","2011-03-22","2.98","3.05","2.98","3.0","7400"
"FRBK","2011-03-23","2.99","3.01","2.97","3.0","17700"
"FRBK","2011-03-24","3.0","3.08","3.0","3.0","10800"
"FRBK","2011-03-25","3.02","3.07","2.99","3.05","6600"
"FRBK","2011-03-28","3.09","3.1","2.83","2.91","80300"
"FRBK","2011-03-29","2.83","2.84","2.65","2.75","100300"
"FRBK","2011-03-30","2.68","2.78","2.68","2.69","33100"
"FRBK","2011-03-31","2.65","2.79","2.55","2.79","52500"
"FRBK","2011-04-01","2.79","2.79","2.58","2.7","94900"
"FRBK","2011-04-04","2.77","2.78","2.62","2.75","11900"
"FRBK","2011-04-05","2.71","2.84","2.71","2.84","10900"
"FRBK","2011-04-06","2.8","3.0","2.75","2.91","35500"
"FRBK","2011-04-07","2.94","2.99","2.89","2.91","2800"
"FRBK","2011-04-08","2.88","2.91","2.84","2.84","4500"
"FRBK","2011-04-11","2.9","2.93","2.8","2.83","14600"
"FRBK","2011-04-12","2.84","2.84","2.76","2.76","9400"
"FRBK","2011-04-13","2.83","2.88","2.78","2.88","6500"
"FRBK","2011-04-14","2.81","2.88","2.75","2.77","7100"
"FRBK","2011-04-15","2.75","2.8","2.72","2.78","9700"
"FRBK","2011-04-18","2.75","2.82","2.7","2.77","19800"
"FRBK","2011-04-19","2.75","2.86","2.75","2.86","500"
"FRBK","2011-04-20","2.82","2.88","2.71","2.77","19000"
"FRBK","2011-04-21","2.73","2.83","2.67","2.83","12200"
"FRBK","2011-04-25","2.81","2.88","2.67","2.77","30400"
"FRBK","2011-04-26","2.76","2.88","2.61","2.88","15500"
"FRBK","2011-04-27","2.83","2.83","2.73","2.74","24000"
"FRBK","2011-04-28","2.74","2.74","2.62","2.69","46000"
"FRBK","2011-04-29","2.69","2.79","2.62","2.79","23000"
"FRBK","2011-05-02","2.79","2.79","2.63","2.65","20000"
"FRBK","2011-05-03","2.64","2.74","2.64","2.68","28000"
"FRBK","2011-05-04","2.69","2.7","2.22","2.57","106200"
"FRBK","2011-05-05","2.55","2.62","2.52","2.62","22800"
"FRBK","2011-05-06","2.61","2.67","2.55","2.57","118000"
"FRBK","2011-05-09","2.56","2.62","2.56","2.62","62000"
"FRBK","2011-05-10","2.58","2.74","2.58","2.69","7900"
"FRBK","2011-05-11","2.72","2.72","2.63","2.69","1900"
"FRBK","2011-05-12","2.55","2.74","2.55","2.74","13900"
"FRBK","2011-05-13","2.66","2.74","2.55","2.7","21000"
"FRBK","2011-05-16","2.67","2.7","2.58","2.58","10400"
"FRBK","2011-05-17","2.59","2.72","2.59","2.67","11700"
"FRBK","2011-05-18","2.64","2.75","2.57","2.67","28900"
"FRBK","2011-05-19","2.65","2.65","2.6","2.63","16900"
"FRBK","2011-05-20","2.7","2.7","2.6","2.6","5500"
"FRBK","2011-05-23","2.6","2.64","2.56","2.6","5000"
"FRBK","2011-05-24","2.55","2.56","2.52","2.56","9400"
"FRBK","2011-05-25","2.55","2.73","2.54","2.54","5200"
"FRBK","2011-05-26","2.55","2.62","2.55","2.61","4300"
"FRBK","2011-05-27","2.6","2.66","2.54","2.57","8900"
"FRBK","2011-05-31","2.57","2.57","2.45","2.45","108800"
"FRBK","2011-06-01","2.41","2.48","2.33","2.48","29000"
"FRBK","2011-06-02","2.46","2.5","2.35","2.48","41200"
"FRBK","2011-06-03","2.39","2.48","2.35","2.48","40000"
"FRBK","2011-06-06","2.44","2.45","2.3","2.32","18700"
"FRBK","2011-06-07","2.35","2.36","2.25","2.28","84400"
"FRBK","2011-06-08","2.26","2.31","2.25","2.29","13300"
"FRBK","2011-06-09","2.28","2.39","2.28","2.35","17700"
"FRBK","2011-06-10","2.26","2.3","2.2","2.26","4500"
"FRBK","2011-06-13","2.28","2.28","2.11","2.23","37800"
"FRBK","2011-06-14","2.21","2.25","2.13","2.18","13300"
"FRBK","2011-06-15","2.16","2.21","2.06","2.06","20100"
"FRBK","2011-06-16","2.09","2.2","2.09","2.2","2000"
"FRBK","2011-06-17","2.14","2.33","2.06","2.27","42300"
"FRBK","2011-06-20","2.24","2.24","2.12","2.12","6400"
"FRBK","2011-06-21","2.1","2.1","2.01","2.04","74200"
"FRBK","2011-06-22","2.05","2.12","2.04","2.12","7600"
"FRBK","2011-06-23","2.08","2.15","2.03","2.1","75400"
"FRBK","2011-06-24","2.06","2.15","2.06","2.15","53500"
"FRBK","2011-06-27","2.14","2.2","2.06","2.11","6900"
"FRBK","2011-06-28","2.14","2.14","2.01","2.03","30900"
"FRBK","2011-06-29","2.04","2.14","2.04","2.12","43700"
"FRBK","2011-06-30","2.2","2.25","2.19","2.24","10000"
"FRBK","2011-07-01","2.24","2.35","2.24","2.35","20700"
"FRBK","2011-07-05","2.34","2.34","2.3","2.3","1000"
"FRBK","2011-07-06","2.26","2.26","2.07","2.09","15700"
"FRBK","2011-07-07","2.11","2.16","2.1","2.11","27600"
"FRBK","2011-07-08","2.11","2.18","2.11","2.18","2600"
"FRBK","2011-07-11","2.18","2.22","2.1","2.2","14300"
"FRBK","2011-07-12","2.18","2.22","2.15","2.19","2000"
"FRBK","2011-07-13","2.22","2.22","2.1","2.16","6700"
"FRBK","2011-07-14","2.14","2.21","2.1","2.1","5800"
"FRBK","2011-07-15","2.12","2.12","2.12","2.12","300"
"FRBK","2011-07-18","2.12","2.12","2.06","2.06","11900"
"FRBK","2011-07-19","2.06","2.1","2.06","2.07","1900"
"FRBK","2011-07-20","2.12","2.19","2.07","2.07","2000"
"FRBK","2011-07-21","2.09","2.14","2.09","2.12","5200"
"FRBK","2011-07-22","2.14","2.2","2.02","2.1","13400"
"FRBK","2011-07-25","2.11","2.13","2.02","2.03","13100"
"FRBK","2011-07-26","2.02","2.1","2.02","2.1","1200"
"FRBK","2011-07-27","2.07","2.09","2.04","2.08","22100"
"FRBK","2011-07-28","2.1","2.21","2.07","2.07","10600"
"FRBK","2011-07-29","2.08","2.23","1.97","2.12","18800"
"FRBK","2011-08-01","2.16","2.2","2.12","2.12","1600"
"FRBK","2011-08-02","2.14","2.16","2.02","2.02","4000"
"FRBK","2011-08-03","2.1","2.1","1.92","2.0","18300"
"FRBK","2011-08-04","2.03","2.06","1.74","1.95","48700"
"FRBK","2011-08-05","2.01","2.16","1.9","2.0","57700"
"FRBK","2011-08-08","1.99","2.04","1.75","1.85","27900"
"FRBK","2011-08-09","1.88","2.0","1.75","1.81","13700"
"FRBK","2011-08-10","1.81","1.93","1.81","1.81","7500"
"FRBK","2011-08-11","2.01","2.01","1.77","1.84","10000"
"FRBK","2011-08-12","1.89","2.0","1.8","1.95","12600"
"FRBK","2011-08-15","1.92","1.92","1.82","1.92","3100"
"FRBK","2011-08-16","1.88","2.01","1.88","1.96","2500"
"FRBK","2011-08-17","2.0","2.0","1.9","1.9","8200"
"FRBK","2011-08-18","1.81","1.86","1.79","1.85","9400"
"FRBK","2011-08-19","1.82","1.86","1.77","1.82","13200"
"FRBK","2011-08-22","1.84","1.85","1.77","1.77","2900"
"FRBK","2011-08-23","1.8","1.82","1.77","1.78","2100"
"FRBK","2011-08-24","1.8","1.82","1.77","1.81","2500"
"FRBK","2011-08-25","1.84","1.98","1.79","1.79","9400"
"FRBK","2011-08-26","1.81","1.88","1.81","1.85","1600"
"FRBK","2011-08-29","1.84","1.88","1.8","1.88","2700"
"FRBK","2011-08-30","1.82","1.86","1.82","1.86","4700"
"FRBK","2011-08-31","1.94","1.94","1.92","1.92","800"
"FRBK","2011-09-01","1.94","1.94","1.93","1.94","1600"
"FRBK","2011-09-02","1.94","1.94","1.83","1.85","9300"
"FRBK","2011-09-06","1.82","1.82","1.79","1.8","500"
"FRBK","2011-09-07","1.8","1.8","1.8","1.8","0"
"FRBK","2011-09-08","1.81","1.81","1.75","1.76","7000"
"FRBK","2011-09-09","1.82","1.83","1.76","1.76","800"
"FRBK","2011-09-12","1.76","1.77","1.75","1.77","24600"
"FRBK","2011-09-13","1.85","1.85","1.75","1.75","700"
"FRBK","2011-09-14","1.84","1.84","1.77","1.84","7400"
"FRBK","2011-09-15","1.8","1.8","1.74","1.74","10100"
"FRBK","2011-09-16","1.74","1.85","1.72","1.85","4100"
"FRBK","2011-09-19","1.84","1.84","1.71","1.71","3300"
"FRBK","2011-09-20","1.7","1.99","1.65","1.78","78200"
"FRBK","2011-09-21","1.7","1.71","1.7","1.7","1800"
"FRBK","2011-09-22","1.7","1.71","1.6","1.64","21600"
"FRBK","2011-09-23","1.68","1.89","1.63","1.71","9800"
"FRBK","2011-09-26","1.7","1.85","1.68","1.84","9500"
"FRBK","2011-09-27","1.81","1.81","1.6","1.6","26800"
"FRBK","2011-09-28","1.55","1.64","1.55","1.6","15600"
"FRBK","2011-09-29","1.65","1.65","1.55","1.64","17100"
"FRBK","2011-09-30","1.62","1.64","1.5","1.55","7900"
"FRBK","2011-10-03","1.59","1.59","1.5","1.5","3600"
"FRBK","2011-10-04","1.43","1.51","1.13","1.15","27100"
"FRBK","2011-10-05","1.2","1.64","1.2","1.52","34200"
"FRBK","2011-10-06","1.48","1.51","1.42","1.44","6000"
"FRBK","2011-10-07","1.48","1.53","1.32","1.36","5400"
"FRBK","2011-10-10","1.33","1.59","1.31","1.39","32200"
"FRBK","2011-10-11","1.46","1.62","1.42","1.45","11800"
"FRBK","2011-10-12","1.51","1.51","1.4","1.41","14400"
"FRBK","2011-10-13","1.41","1.41","1.4","1.4","17300"
"FRBK","2011-10-14","1.4","1.52","1.4","1.52","11700"
"FRBK","2011-10-17","1.5","1.51","1.44","1.49","7200"
"FRBK","2011-10-18","1.45","1.6","1.38","1.43","33400"
"FRBK","2011-10-19","1.39","1.53","1.36","1.45","4000"
"FRBK","2011-10-20","1.5","1.56","1.5","1.52","6400"
"FRBK","2011-10-21","1.54","1.55","1.52","1.53","4600"
"FRBK","2011-10-24","1.5","1.58","1.41","1.56","29900"
"FRBK","2011-10-25","1.5","1.6","1.5","1.52","7900"
"FRBK","2011-10-26","1.54","1.58","1.54","1.55","4100"
"FRBK","2011-10-27","1.5","1.64","1.5","1.64","13800"
"FRBK","2011-10-28","1.57","1.6","1.55","1.56","27900"
"FRBK","2011-10-31","1.57","1.64","1.53","1.63","9500"
"FRBK","2011-11-01","1.58","1.58","1.52","1.57","4600"
"FRBK","2011-11-02","1.56","1.56","1.51","1.51","600"
"FRBK","2011-11-03","1.63","1.63","1.52","1.55","5700"
"FRBK","2011-11-04","1.59","1.64","1.55","1.56","9200"
"FRBK","2011-11-07","1.55","1.56","1.3","1.45","62000"
"FRBK","2011-11-08","1.31","1.44","1.3","1.4","19100"
"FRBK","2011-11-09","1.41","1.42","1.35","1.37","7200"
"FRBK","2011-11-10","1.4","1.52","1.37","1.4","13000"
"FRBK","2011-11-11","1.45","1.51","1.45","1.48","3400"
"FRBK","2011-11-14","1.44","1.44","1.36","1.39","4000"
"FRBK","2011-11-15","1.36","1.46","1.36","1.42","6500"
"FRBK","2011-11-16","1.4","1.52","1.35","1.4","10700"
"FRBK","2011-11-17","1.48","1.49","1.4","1.46","8200"
"FRBK","2011-11-18","1.46","1.48","1.46","1.48","4600"
"FRBK","2011-11-21","1.45","1.45","1.4","1.4","1600"
"FRBK","2011-11-22","1.44","1.49","1.4","1.4","13600"
"FRBK","2011-11-23","1.36","1.4","1.35","1.35","4400"
"FRBK","2011-11-25","1.32","1.39","1.32","1.39","600"
"FRBK","2011-11-28","1.31","1.4","1.3","1.33","10900"
"FRBK","2011-11-29","1.33","1.33","1.33","1.33","0"
"FRBK","2011-11-30","1.4","1.4","1.4","1.4","200"
"FRBK","2011-12-01","1.3","1.36","1.3","1.3","11900"
"FRBK","2011-12-02","1.32","1.6","1.3","1.4","47300"
"FRBK","2011-12-05","1.52","1.52","1.34","1.34","6600"
"FRBK","2011-12-06","1.42","1.53","1.4","1.4","14500"
"FRBK","2011-12-07","1.44","1.52","1.4","1.52","9400"
"FRBK","2011-12-08","1.54","1.54","1.4","1.4","6900"
"FRBK","2011-12-09","1.41","1.51","1.4","1.4","16200"
"FRBK","2011-12-12","1.4","1.5","1.4","1.48","9400"
"FRBK","2011-12-13","1.41","1.48","1.4","1.47","12500"
"FRBK","2011-12-14","1.46","1.5","1.41","1.47","6100"
"FRBK","2011-12-15","1.44","1.5","1.41","1.42","9800"
"FRBK","2011-12-16","1.46","1.46","1.35","1.45","15600"
"FRBK","2011-12-19","1.45","1.46","1.35","1.35","10200"
"FRBK","2011-12-20","1.36","1.5","1.36","1.4","5300"
"FRBK","2011-12-21","1.38","1.83","1.38","1.83","109400"
"FRBK","2011-12-22","1.75","1.8","1.61","1.65","18100"
"FRBK","2011-12-23","1.6","1.71","1.55","1.55","29000"
"FRBK","2011-12-27","1.61","1.68","1.55","1.58","28500"
"FRBK","2011-12-28","1.53","1.53","1.38","1.41","52900"
"FRBK","2011-12-29","1.45","1.56","1.33","1.37","86900"
"FRBK","2011-12-30","1.35","1.58","1.35","1.45","80800"
"FRBK","2012-01-03","1.6","1.61","1.57","1.61","15600"
"FRBK","2012-01-04","1.61","1.61","1.46","1.46","4600"
"FRBK","2012-01-05","1.47","1.55","1.45","1.48","9200"
"FRBK","2012-01-06","1.38","1.61","1.38","1.5","20400"
"FRBK","2012-01-09","1.51","1.6","1.5","1.6","8900"
"FRBK","2012-01-10","1.61","1.65","1.5","1.65","13900"
"FRBK","2012-01-11","1.65","1.7","1.6","1.66","18900"
"FRBK","2012-01-12","1.67","1.79","1.67","1.7","7900"
"FRBK","2012-01-13","1.68","1.81","1.6","1.8","6900"
"FRBK","2012-01-17","1.85","1.85","1.71","1.71","9600"
"FRBK","2012-01-18","1.82","1.89","1.8","1.89","38000"
"FRBK","2012-01-19","1.89","1.9","1.77","1.77","10100"
"FRBK","2012-01-20","1.82","1.86","1.78","1.81","14500"
"FRBK","2012-01-23","1.8","1.84","1.71","1.82","4500"
"FRBK","2012-01-24","1.8","1.83","1.7","1.83","4300"
"FRBK","2012-01-25","1.73","1.85","1.73","1.85","7500"
"FRBK","2012-01-26","1.85","1.85","1.7","1.85","4400"
"FRBK","2012-01-27","1.84","1.89","1.84","1.89","500"
"FRBK","2012-01-30","1.89","1.89","1.75","1.75","2100"
"FRBK","2012-01-31","1.8","1.8","1.65","1.75","24900"
"FRBK","2012-02-01","1.71","1.74","1.68","1.71","4600"
"FRBK","2012-02-02","1.84","1.9","1.66","1.81","23300"
"FRBK","2012-02-03","1.8","1.9","1.75","1.88","27300"
"FRBK","2012-02-06","1.81","1.88","1.76","1.8","21900"
"FRBK","2012-02-07","1.8","1.87","1.72","1.87","4400"
"FRBK","2012-02-08","1.81","1.9","1.74","1.85","29800"
"FRBK","2012-02-09","1.86","1.91","1.86","1.91","15200"
"FRBK","2012-02-10","1.89","1.89","1.86","1.86","2200"
"FRBK","2012-02-13","1.88","2.0","1.86","1.88","27200"
"FRBK","2012-02-14","1.91","2.0","1.85","2.0","12900"
"FRBK","2012-02-15","2.0","2.0","1.97","2.0","5600"
"FRBK","2012-02-16","1.99","2.1","1.95","1.95","15200"
"FRBK","2012-02-17","1.97","2.03","1.91","1.95","6000"
"FRBK","2012-02-21","1.99","2.08","1.9","2.0","8100"
"FRBK","2012-02-22","1.97","1.97","1.91","1.93","5100"
"FRBK","2012-02-23","1.93","2.08","1.91","2.04","30300"
"FRBK","2012-02-24","2.03","2.04","1.85","1.9","36100"
"FRBK","2012-02-27","1.9","1.99","1.82","1.9","18000"
"FRBK","2012-02-28","1.97","1.97","1.87","1.95","9000"
"FRBK","2012-02-29","1.99","2.07","1.98","2.02","51500"
"FRBK","2012-03-01","2.07","2.07","2.03","2.05","2200"
"FRBK","2012-03-02","2.05","2.08","2.03","2.03","21400"
"FRBK","2012-03-05","2.02","2.05","2.01","2.01","11300"
"FRBK","2012-03-06","2.04","2.04","2.0","2.0","17000"
"FRBK","2012-03-07","2.02","2.1","1.87","2.0","13800"
"FRBK","2012-03-08","1.99","2.0","1.86","1.9","10200"
"FRBK","2012-03-09","1.95","2.0","1.95","2.0","7200"
"FRBK","2012-03-12","2.0","2.09","1.95","1.95","9200"
"FRBK","2012-03-13","1.95","2.05","1.95","1.98","1600"
"FRBK","2012-03-14","1.98","2.1","1.98","2.02","6300"
"FRBK","2012-03-15","2.04","2.04","1.99","1.99","2700"
"FRBK","2012-03-16","2.0","2.04","1.91","2.04","22900"
"FRBK","2012-03-19","1.96","2.04","1.92","1.98","12200"
"FRBK","2012-03-20","1.99","2.04","1.95","2.0","23000"
"FRBK","2012-03-21","1.99","1.99","1.95","1.96","14600"
"FRBK","2012-03-22","2.03","2.04","1.94","1.94","22200"
"FRBK","2012-03-23","1.94","2.02","1.8","1.92","22500"
"FRBK","2012-03-26","1.98","2.04","1.88","1.9","12500"
"FRBK","2012-03-27","2.03","2.34","2.03","2.32","94900"
"FRBK","2012-03-28","2.29","2.42","2.25","2.4","49300"
"FRBK","2012-03-29","2.42","2.42","2.15","2.42","13100"
"FRBK","2012-03-30","2.33","2.41","2.29","2.36","4600"
"FRBK","2012-04-02","2.36","2.41","2.35","2.41","7000"
"FRBK","2012-04-03","2.08","2.42","2.07","2.36","26100"
"FRBK","2012-04-04","2.22","2.3","2.22","2.3","5700"
"FRBK","2012-04-05","2.3","2.36","2.18","2.36","8400"
"FRBK","2012-04-09","2.4","2.4","2.24","2.27","21500"
"FRBK","2012-04-10","2.25","2.26","2.1","2.2","25200"
"FRBK","2012-04-11","2.21","2.32","2.21","2.29","6700"
"FRBK","2012-04-12","2.25","2.34","2.13","2.15","14000"
"FRBK","2012-04-13","2.22","2.39","2.22","2.32","2400"
"FRBK","2012-04-16","2.31","2.31","2.25","2.25","3000"
"FRBK","2012-04-17","2.28","2.4","2.15","2.36","42900"
"FRBK","2012-04-18","2.35","2.42","2.26","2.37","34800"
"FRBK","2012-04-19","2.35","2.41","2.3","2.3","10500"
"FRBK","2012-04-20","2.3","2.34","2.17","2.24","6600"
"FRBK","2012-04-23","2.25","2.3","2.25","2.26","4800"
"FRBK","2012-04-24","2.21","2.39","2.21","2.29","55700"
"FRBK","2012-04-25","2.3","2.31","2.2","2.27","3800"
"FRBK","2012-04-26","2.21","2.28","2.15","2.24","7700"
"FRBK","2012-04-27","2.24","2.3","2.19","2.2","11000"
"FRBK","2012-04-30","2.12","2.29","2.12","2.16","6600"
"FRBK","2012-05-01","2.15","2.2","2.11","2.11","8700"
"FRBK","2012-05-02","2.13","2.15","2.1","2.15","8700"
"FRBK","2012-05-03","2.15","2.15","2.03","2.1","11000"
"FRBK","2012-05-04","2.09","2.21","2.05","2.1","16700"
"FRBK","2012-05-07","2.06","2.15","2.06","2.14","3600"
"FRBK","2012-05-08","2.1","2.15","2.07","2.07","11600"
"FRBK","2012-05-09","2.08","2.09","2.03","2.04","7300"
"FRBK","2012-05-10","2.08","2.08","2.07","2.08","3400"
"FRBK","2012-05-11","2.08","2.08","2.05","2.06","13800"
"FRBK","2012-05-14","2.06","2.06","2.02","2.02","5400"
"FRBK","2012-05-15","2.01","2.07","2.0","2.06","32000"
"FRBK","2012-05-16","2.0","2.06","1.96","1.96","23700"
"FRBK","2012-05-17","2.0","2.0","1.9","1.93","18300"
"FRBK","2012-05-18","1.9","1.98","1.9","1.93","25300"
"FRBK","2012-05-21","1.92","2.0","1.9","1.91","33400"
"FRBK","2012-05-22","1.91","1.94","1.78","1.92","20000"
"FRBK","2012-05-23","1.89","1.96","1.85","1.96","4900"
"FRBK","2012-05-24","1.96","1.96","1.96","1.96","0"
"FRBK","2012-05-25","1.97","2.0","1.84","1.91","13300"
"FRBK","2012-05-29","1.98","1.99","1.92","1.92","24500"
"FRBK","2012-05-30","1.97","2.01","1.96","1.99","12000"
"FRBK","2012-05-31","1.9","1.99","1.78","1.99","16900"
"FRBK","2012-06-01","1.95","2.0","1.91","1.95","17800"
"FRBK","2012-06-04","1.95","1.99","1.9","1.9","11800"
"FRBK","2012-06-05","1.9","1.95","1.9","1.93","7800"
"FRBK","2012-06-06","1.91","1.99","1.9","1.99","5700"
"FRBK","2012-06-07","1.99","1.99","1.91","1.92","1200"
"FRBK","2012-06-08","1.86","1.98","1.86","1.98","7500"
"FRBK","2012-06-11","1.88","1.94","1.85","1.9","13900"
"FRBK","2012-06-12","1.86","1.98","1.81","1.95","34800"
"FRBK","2012-06-13","1.89","1.94","1.83","1.83","1800"
"FRBK","2012-06-14","1.85","1.87","1.8","1.8","14400"
"FRBK","2012-06-15","1.84","1.84","1.77","1.84","22600"
"FRBK","2012-06-18","1.84","1.98","1.81","1.92","42400"
"FRBK","2012-06-19","1.98","1.99","1.93","1.99","3500"
"FRBK","2012-06-20","1.97","2.0","1.95","1.95","13900"
"FRBK","2012-06-21","1.99","1.99","1.91","1.91","8200"
"FRBK","2012-06-22","1.9","2.0","1.82","2.0","35300"
"FRBK","2012-06-25","1.97","2.06","1.9","2.05","58900"
"FRBK","2012-06-26","2.05","2.06","2.0","2.01","64400"
"FRBK","2012-06-27","1.95","2.15","1.95","2.15","87200"
"FRBK","2012-06-28","2.12","2.12","2.08","2.08","5300"
"FRBK","2012-06-29","2.11","2.11","2.06","2.09","24600"
"FRBK","2012-07-02","2.09","2.09","2.0","2.02","6500"
"FRBK","2012-07-03","2.03","2.03","2.0","2.02","12300"
"FRBK","2012-07-05","2.02","2.03","2.01","2.03","2700"
"FRBK","2012-07-06","2.03","2.09","2.03","2.06","7600"
"FRBK","2012-07-09","2.07","2.2","2.07","2.19","68300"
"FRBK","2012-07-10","2.15","2.2","2.14","2.19","38300"
"FRBK","2012-07-11","2.17","2.18","2.15","2.17","6800"
"FRBK","2012-07-12","2.15","2.17","2.11","2.17","16100"
"FRBK","2012-07-13","2.1","2.15","2.1","2.14","8100"
"FRBK","2012-07-16","2.12","2.17","2.12","2.16","58400"
"FRBK","2012-07-17","2.15","2.23","2.15","2.23","35000"
"FRBK","2012-07-18","2.24","2.24","2.2","2.21","20100"
"FRBK","2012-07-19","2.2","2.25","2.18","2.2","42200"
"FRBK","2012-07-20","2.2","2.2","2.16","2.16","54400"
"FRBK","2012-07-23","2.12","2.2","2.1","2.2","59000"
"FRBK","2012-07-24","2.17","2.2","2.12","2.2","28400"
"FRBK","2012-07-25","2.2","2.2","2.14","2.14","11400"
"FRBK","2012-07-26","2.16","2.25","2.1","2.1","7200"
"FRBK","2012-07-27","2.19","2.2","2.17","2.17","2500"
"FRBK","2012-07-30","2.13","2.2","2.05","2.09","6600"
"FRBK","2012-07-31","2.07","2.07","2.05","2.07","6300"
"FRBK","2012-08-01","2.05","2.13","2.05","2.13","5400"
"FRBK","2012-08-02","2.12","2.14","2.05","2.07","1900"
"FRBK","2012-08-03","2.08","2.08","2.08","2.08","400"
"FRBK","2012-08-06","2.08","2.08","2.08","2.08","0"
"FRBK","2012-08-07","2.06","2.14","1.97","2.05","1800"
"FRBK","2012-08-08","2.05","2.06","2.04","2.04","6000"
"FRBK","2012-08-09","2.04","2.07","2.0","2.07","4300"
"FRBK","2012-08-10","2.09","2.1","2.0","2.1","1100"
"FRBK","2012-08-13","2.04","2.09","2.0","2.0","8800"
"FRBK","2012-08-14","2.03","2.05","2.01","2.01","14100"
"FRBK","2012-08-15","2.0","2.0","2.0","2.0","12100"
"FRBK","2012-08-16","1.99","2.09","1.96","2.05","2400"
"FRBK","2012-08-17","2.01","2.09","2.0","2.0","4400"
"FRBK","2012-08-20","2.04","2.04","2.04","2.04","10200"
"FRBK","2012-08-21","1.99","2.08","1.96","2.08","11900"
"FRBK","2012-08-22","2.08","2.08","1.96","2.01","61900"
"FRBK","2012-08-23","2.03","2.09","1.95","1.96","10500"
"FRBK","2012-08-24","1.92","2.0","1.92","2.0","6500"
"FRBK","2012-08-27","2.0","2.15","2.0","2.1","69800"
"FRBK","2012-08-28","2.13","2.18","2.05","2.11","2700"
"FRBK","2012-08-29","2.05","2.18","2.01","2.13","2900"
"FRBK","2012-08-30","2.0","2.12","2.0","2.12","50000"
"FRBK","2012-08-31","2.12","2.12","2.0","2.11","12900"
"FRBK","2012-09-04","2.11","2.11","2.11","2.11","0"
"FRBK","2012-09-05","2.12","2.24","2.11","2.17","5500"
"FRBK","2012-09-06","2.19","2.2","2.13","2.19","4300"
"FRBK","2012-09-07","2.13","2.24","2.1","2.23","20600"
"FRBK","2012-09-10","2.24","2.24","2.14","2.16","9700"
"FRBK","2012-09-11","2.15","2.2","2.1","2.11","4600"
"FRBK","2012-09-12","2.11","2.15","2.01","2.03","25700"
"FRBK","2012-09-13","2.04","2.12","2.02","2.07","11900"
"FRBK","2012-09-14","2.07","2.18","2.05","2.11","16800"
"FRBK","2012-09-17","2.15","2.15","2.1","2.11","6500"
"FRBK","2012-09-18","2.11","2.12","2.11","2.11","3700"
"FRBK","2012-09-19","2.11","2.12","2.06","2.1","24500"
"FRBK","2012-09-20","2.07","2.12","2.07","2.1","49700"
"FRBK","2012-09-21","2.1","2.16","2.07","2.16","11800"
"FRBK","2012-09-24","2.1","2.14","2.1","2.14","2700"
"FRBK","2012-09-25","2.1","2.14","2.07","2.14","9800"
"FRBK","2012-09-26","2.08","2.12","2.04","2.04","8200"
"FRBK","2012-09-27","2.04","2.13","2.04","2.06","6300"
"FRBK","2012-09-28","2.1","2.13","2.07","2.12","4900"
"FRBK","2012-10-01","2.1","2.12","2.05","2.12","14200"
"FRBK","2012-10-02","2.12","2.12","2.12","2.12","700"
"FRBK","2012-10-03","2.1","2.12","2.05","2.12","6300"
"FRBK","2012-10-04","2.12","2.12","2.06","2.1","12400"
"FRBK","2012-10-05","2.1","2.14","2.05","2.12","13100"
"FRBK","2012-10-08","2.15","2.22","2.03","2.08","112400"
"FRBK","2012-10-09","2.11","2.3","2.05","2.1","3700"
"FRBK","2012-10-10","2.22","2.25","2.14","2.21","9800"
"FRBK","2012-10-11","2.22","2.25","2.22","2.25","800"
"FRBK","2012-10-12","2.26","2.26","2.1","2.12","7600"
"FRBK","2012-10-15","2.05","2.17","2.05","2.08","3500"
"FRBK","2012-10-16","2.08","2.2","2.05","2.07","20700"
"FRBK","2012-10-17","2.16","2.2","2.05","2.11","27100"
"FRBK","2012-10-18","2.1","2.13","2.05","2.13","12300"
"FRBK","2012-10-19","2.05","2.16","2.0","2.14","17300"
"FRBK","2012-10-22","2.15","2.15","2.11","2.11","1300"
"FRBK","2012-10-23","2.11","2.11","2.07","2.07","12600"
"FRBK","2012-10-24","2.05","2.11","2.05","2.1","32100"
"FRBK","2012-10-25","2.09","2.1","2.07","2.07","16400"
"FRBK","2012-10-26","2.14","2.14","2.07","2.1","11300"
"FRBK","2012-10-31","2.14","2.14","2.1","2.11","8000"
"FRBK","2012-11-01","2.11","2.12","2.11","2.12","33500"
"FRBK","2012-11-02","2.1","2.12","2.1","2.11","29900"
"FRBK","2012-11-05","2.08","2.12","2.05","2.1","30800"
"FRBK","2012-11-06","2.1","2.11","2.09","2.11","16700"
"FRBK","2012-11-07","2.05","2.1","2.05","2.1","5900"
"FRBK","2012-11-08","2.07","2.08","2.06","2.06","3100"
"FRBK","2012-11-09","2.01","2.1","2.01","2.1","4700"
"FRBK","2012-11-12","2.1","2.15","2.06","2.11","29100"
"FRBK","2012-11-13","2.1","2.1","2.06","2.1","8700"
"FRBK","2012-11-14","2.06","2.08","2.01","2.08","16900"
"FRBK","2012-11-15","2.01","2.06","2.01","2.06","400"
"FRBK","2012-11-16","2.01","2.08","2.0","2.08","14200"
"FRBK","2012-11-19","2.08","2.08","2.08","2.08","0"
"FRBK","2012-11-20","2.06","2.09","2.0","2.06","29100"
"FRBK","2012-11-21","2.02","2.09","2.01","2.07","8800"
"FRBK","2012-11-23","2.03","2.1","2.03","2.08","8800"
"FRBK","2012-11-26","2.04","2.08","2.01","2.06","24100"
"FRBK","2012-11-27","2.04","2.09","2.04","2.04","6800"
"FRBK","2012-11-28","2.08","2.1","2.08","2.08","800"
"FRBK","2012-11-29","2.05","2.08","2.05","2.08","13300"
"FRBK","2012-11-30","2.06","2.1","2.06","2.09","6900"
"FRBK","2012-12-03","2.06","2.1","2.06","2.07","3100"
"FRBK","2012-12-04","2.07","2.1","2.06","2.08","10400"
"FRBK","2012-12-05","2.05","2.1","2.05","2.1","1700"
"FRBK","2012-12-06","2.05","2.09","2.05","2.07","7200"
"FRBK","2012-12-07","2.06","2.06","2.06","2.06","200"
"FRBK","2012-12-10","2.03","2.05","2.01","2.02","17500"
"FRBK","2012-12-11","2.01","2.07","2.0","2.04","77400"
"FRBK","2012-12-12","2.0","2.07","1.97","2.05","60400"
"FRBK","2012-12-13","2.03","2.05","2.03","2.05","8700"
"FRBK","2012-12-14","2.12","2.12","1.95","2.02","40800"
"FRBK","2012-12-17","1.99","2.05","1.98","2.04","6200"
"FRBK","2012-12-18","2.1","2.1","2.0","2.0","5500"
"FRBK","2012-12-19","1.98","2.0","1.95","2.0","31400"
"FRBK","2012-12-20","1.94","2.03","1.91","1.98","33400"
"FRBK","2012-12-21","1.92","1.98","1.9","1.98","15100"
"FRBK","2012-12-24","1.93","2.0","1.93","1.97","12900"
"FRBK","2012-12-26","1.98","1.99","1.94","1.97","12800"
"FRBK","2012-12-27","1.95","2.02","1.9","1.98","30100"
"FRBK","2012-12-28","1.92","2.01","1.92","1.99","75100"
"FRBK","2012-12-31","1.99","2.07","1.99","2.07","12400"
"FRBK","2013-01-02","2.1","2.11","2.07","2.11","166700"
"FRBK","2013-01-03","2.07","2.14","2.06","2.14","25600"
"FRBK","2013-01-04","2.13","2.13","2.09","2.13","20800"
"FRBK","2013-01-07","2.1","2.1","2.05","2.1","24300"
"FRBK","2013-01-08","2.1","2.15","2.1","2.11","7600"
"FRBK","2013-01-09","2.11","2.15","2.09","2.11","36500"
"FRBK","2013-01-10","1.97","2.13","1.97","2.11","8600"
"FRBK","2013-01-11","2.09","2.12","2.08","2.12","9500"
"FRBK","2013-01-14","2.08","2.12","2.07","2.11","25800"
"FRBK","2013-01-15","2.12","2.13","2.12","2.13","5900"
"FRBK","2013-01-16","2.1","2.22","2.1","2.22","9800"
"FRBK","2013-01-17","2.21","2.21","2.12","2.15","16400"
"FRBK","2013-01-18","2.21","2.21","2.2","2.2","4700"
"FRBK","2013-01-22","2.2","2.22","2.16","2.2","2900"
"FRBK","2013-01-23","2.15","2.2","2.15","2.17","19000"
"FRBK","2013-01-24","2.16","2.23","2.16","2.23","19500"
"FRBK","2013-01-25","2.2","2.21","2.2","2.21","8700"
"FRBK","2013-01-28","2.23","2.29","2.17","2.29","39400"
"FRBK","2013-01-29","2.35","2.49","2.35","2.45","142000"
"FRBK","2013-01-30","2.48","2.5","2.4","2.45","24400"
"FRBK","2013-01-31","2.4","2.48","2.35","2.48","12000"
"FRBK","2013-02-01","2.48","2.53","2.46","2.53","13500"
"FRBK","2013-02-04","2.5","2.75","2.5","2.6","37700"
"FRBK","2013-02-05","2.6","2.65","2.5","2.59","67600"
"FRBK","2013-02-06","2.6","2.6","2.53","2.55","36500"
"FRBK","2013-02-07","2.52","2.55","2.49","2.53","11200"
"FRBK","2013-02-08","2.54","2.54","2.35","2.44","10000"
"FRBK","2013-02-11","2.43","2.45","2.4","2.44","10800"
"FRBK","2013-02-12","2.33","2.4","2.29","2.35","46500"
"FRBK","2013-02-13","2.39","2.41","2.35","2.41","91500"
"FRBK","2013-02-14","2.43","2.5","2.43","2.5","41700"
"FRBK","2013-02-15","2.48","2.6","2.45","2.6","12500"
"FRBK","2013-02-19","2.6","2.6","2.48","2.6","12400"
"FRBK","2013-02-20","2.45","2.6","2.45","2.6","50500"
"FRBK","2013-02-21","2.55","2.62","2.45","2.61","21300"
"FRBK","2013-02-22","2.6","2.6","2.47","2.54","10600"
"FRBK","2013-02-25","2.56","2.63","2.55","2.62","65400"
"FRBK","2013-02-26","2.55","2.63","2.55","2.58","12100"
"FRBK","2013-02-27","2.61","2.63","2.6","2.62","2900"
"FRBK","2013-02-28","2.63","2.63","2.61","2.61","4600"
"FRBK","2013-03-01","2.61","2.7","2.61","2.65","137500"
"FRBK","2013-03-04","2.7","2.74","2.6","2.61","29900"
"FRBK","2013-03-05","2.65","2.69","2.63","2.69","8900"
"FRBK","2013-03-06","2.69","2.69","2.59","2.66","10400"
"FRBK","2013-03-07","2.65","2.66","2.63","2.65","16800"
"FRBK","2013-03-08","2.65","2.69","2.65","2.66","25100"
"FRBK","2013-03-11","2.62","2.7","2.62","2.69","8800"
"FRBK","2013-03-12","2.67","2.7","2.53","2.62","36500"
"FRBK","2013-03-13","2.63","2.69","2.55","2.69","4500"
"FRBK","2013-03-14","2.72","2.72","2.58","2.7","14900"
"FRBK","2013-03-15","2.7","2.74","2.55","2.67","186500"
"FRBK","2013-03-18","2.69","2.69","2.65","2.69","20100"
"FRBK","2013-03-19","2.67","2.7","2.66","2.7","8900"
"FRBK","2013-03-20","2.7","2.72","2.68","2.7","25800"
"FRBK","2013-03-21","2.7","2.73","2.63","2.68","3400"
"FRBK","2013-03-22","2.7","2.7","2.62","2.7","12200"
"FRBK","2013-03-25","2.65","2.71","2.65","2.7","25300"
"FRBK","2013-03-26","2.73","2.73","2.7","2.73","15700"
"FRBK","2013-03-27","2.73","2.73","2.66","2.73","13300"
"FRBK","2013-03-28","2.69","2.78","2.67","2.77","95500"
"FRBK","2013-04-01","2.77","2.8","2.77","2.79","35900"
"FRBK","2013-04-02","2.8","2.8","2.69","2.75","28900"
"FRBK","2013-04-03","2.76","2.8","2.71","2.72","13600"
"FRBK","2013-04-04","2.7","2.73","2.68","2.7","15100"
"FRBK","2013-04-05","2.7","2.74","2.69","2.69","30400"
"FRBK","2013-04-08","2.79","2.79","2.64","2.72","25000"
"FRBK","2013-04-09","2.69","2.79","2.62","2.73","17100"
"FRBK","2013-04-10","2.72","2.75","2.66","2.71","32900"
"FRBK","2013-04-11","2.67","2.78","2.67","2.75","108100"
"FRBK","2013-04-12","2.75","2.75","2.7","2.74","151600"
"FRBK","2013-04-15","2.75","2.82","2.74","2.81","14800"
"FRBK","2013-04-16","2.85","2.85","2.74","2.74","20500"
"FRBK","2013-04-17","2.78","2.84","2.78","2.8","19800"
"FRBK","2013-04-18","2.79","2.83","2.71","2.71","15800"
"FRBK","2013-04-19","2.8","2.85","2.76","2.76","19300"
"FRBK","2013-04-22","2.8","2.8","2.69","2.7","9800"
"FRBK","2013-04-23","2.72","2.8","2.7","2.75","16700"
"FRBK","2013-04-24","2.78","2.8","2.71","2.74","2800"
"FRBK","2013-04-25","2.77","2.78","2.76","2.78","3800"
"FRBK","2013-04-26","2.8","2.8","2.7","2.7","3800"
"FRBK","2013-04-29","2.73","2.8","2.72","2.74","11800"
"FRBK","2013-04-30","2.73","2.79","2.7","2.71","9800"
"FRBK","2013-05-01","2.7","2.84","2.7","2.84","136600"
"FRBK","2013-05-02","2.84","2.84","2.71","2.83","13800"
"FRBK","2013-05-03","2.8","2.85","2.75","2.84","53700"
"FRBK","2013-05-06","2.81","2.9","2.75","2.9","63000"
"FRBK","2013-05-07","2.9","2.95","2.89","2.95","16600"
"FRBK","2013-05-08","2.99","3.05","2.95","2.97","61400"
"FRBK","2013-05-09","2.99","2.99","2.95","2.95","11600"
"FRBK","2013-05-10","2.95","2.99","2.95","2.95","21600"
"FRBK","2013-05-13","3.0","3.01","2.85","2.85","80300"
"FRBK","2013-05-14","2.85","2.99","2.85","2.94","9900"
"FRBK","2013-05-15","2.96","2.99","2.94","2.94","24300"
"FRBK","2013-05-16","2.95","3.02","2.95","3.02","65500"
"FRBK","2013-05-17","3.05","3.05","2.95","3.03","24800"
"FRBK","2013-05-20","3.05","3.06","3.0","3.04","36300"
"FRBK","2013-05-21","3.05","3.09","3.02","3.09","14500"
"FRBK","2013-05-22","3.11","3.11","3.02","3.07","37900"
"FRBK","2013-05-23","3.05","3.07","3.04","3.05","14000"
"FRBK","2013-05-24","3.07","3.07","3.0","3.05","18400"
"FRBK","2013-05-28","3.05","3.09","3.0","3.01","26100"
"FRBK","2013-05-29","3.07","3.07","3.02","3.05","20000"
"FRBK","2013-05-30","3.08","3.11","3.02","3.11","23200"
"FRBK","2013-05-31","3.1","3.1","3.08","3.08","11500"
"FRBK","2013-06-03","3.1","3.1","3.05","3.1","41300"
"FRBK","2013-06-04","3.1","3.19","3.07","3.16","126700"
"FRBK","2013-06-05","3.1","3.16","3.1","3.14","22100"
"FRBK","2013-06-06","3.14","3.14","3.02","3.14","33200"
"FRBK","2013-06-07","3.16","3.16","3.04","3.1","23200"
"FRBK","2013-06-10","3.1","3.14","3.09","3.14","41400"
"FRBK","2013-06-11","3.14","3.14","2.99","3.04","30000"
"FRBK","2013-06-12","2.99","3.11","2.99","2.99","8000"
"FRBK","2013-06-13","3.04","3.05","2.99","3.0","45200"
"FRBK","2013-06-14","3.0","3.04","2.95","2.97","8300"
"FRBK","2013-06-17","3.04","3.04","2.94","2.96","22300"
"FRBK","2013-06-18","2.95","3.0","2.89","2.89","9900"
"FRBK","2013-06-19","2.95","2.99","2.86","2.96","19700"
"FRBK","2013-06-20","2.95","3.0","2.93","2.94","21600"
"FRBK","2013-06-21","2.95","2.95","2.93","2.94","15100"
"FRBK","2013-06-24","2.91","2.93","2.85","2.85","9500"
"FRBK","2013-06-25","2.8","2.95","2.8","2.83","8100"
"FRBK","2013-06-26","2.8","2.85","2.8","2.82","15000"
"FRBK","2013-06-27","2.85","2.91","2.8","2.83","19500"
"FRBK","2013-06-28","2.76","2.88","2.76","2.85","4300"
"FRBK","2013-07-01","2.79","2.85","2.75","2.85","15200"
"FRBK","2013-07-02","2.85","2.85","2.81","2.81","6200"
"FRBK","2013-07-03","2.9","2.95","2.9","2.94","11400"
"FRBK","2013-07-05","2.95","3.04","2.95","3.02","55500"
"FRBK","2013-07-08","3.02","3.04","2.95","2.98","14000"
"FRBK","2013-07-09","2.97","3.02","2.97","3.0","9500"
"FRBK","2013-07-10","3.04","3.04","2.95","3.03","22900"
"FRBK","2013-07-11","3.08","3.09","2.98","3.09","33400"
"FRBK","2013-07-12","3.09","3.2","3.06","3.19","34000"
"FRBK","2013-07-15","3.18","3.2","3.1","3.2","38300"
"FRBK","2013-07-16","3.1","3.2","3.1","3.2","28400"
"FRBK","2013-07-17","3.2","3.22","3.16","3.22","9200"
"FRBK","2013-07-18","3.2","3.2","3.08","3.14","25600"
"FRBK","2013-07-19","3.15","3.2","3.11","3.2","26200"
"FRBK","2013-07-22","3.2","3.2","3.15","3.19","21900"
"FRBK","2013-07-23","3.2","3.27","3.19","3.26","60900"
"FRBK","2013-07-24","3.31","3.37","3.22","3.34","52400"
"FRBK","2013-07-25","3.35","3.35","3.18","3.33","14200"
"FRBK","2013-07-26","3.35","3.47","3.26","3.37","33100"
"FRBK","2013-07-29","3.39","3.43","3.25","3.25","38600"
"FRBK","2013-07-30","3.3","3.5","3.25","3.45","31900"
"FRBK","2013-07-31","3.42","3.5","3.3","3.36","24800"
"FRBK","2013-08-01","3.45","3.76","3.36","3.56","67100"
"FRBK","2013-08-02","3.59","3.74","3.53","3.63","52700"
"FRBK","2013-08-05","3.83","3.83","3.6","3.63","81800"
"FRBK","2013-08-06","3.61","3.76","3.5","3.51","83400"
"FRBK","2013-08-07","3.55","3.61","3.52","3.56","21100"
"FRBK","2013-08-08","3.62","3.62","3.53","3.53","17400"
"FRBK","2013-08-09","3.6","3.6","3.42","3.58","30700"
"FRBK","2013-08-12","3.62","3.62","3.5","3.53","44700"
"FRBK","2013-08-13","3.58","3.65","3.48","3.65","26300"
"FRBK","2013-08-14","3.69","3.8","3.5","3.68","27500"
"FRBK","2013-08-15","3.65","3.79","3.65","3.73","12100"
"FRBK","2013-08-16","3.73","3.73","3.5","3.5","73800"
"FRBK","2013-08-19","3.4","3.6","3.4","3.57","72400"
"FRBK","2013-08-20","3.6","3.67","3.41","3.5","29200"
"FRBK","2013-08-21","3.48","3.59","3.44","3.55","23200"
"FRBK","2013-08-22","3.61","3.8","3.47","3.74","27900"
"FRBK","2013-08-23","3.72","3.72","3.49","3.53","80000"
"FRBK","2013-08-26","3.64","3.64","3.46","3.5","28600"
"FRBK","2013-08-27","3.5","3.52","3.45","3.47","23300"
"FRBK","2013-08-28","3.41","3.53","3.34","3.48","49200"
"FRBK","2013-08-29","3.47","3.64","3.4","3.44","36000"
"FRBK","2013-08-30","3.44","3.46","3.3","3.45","24500"
"FRBK","2013-09-03","3.4","3.41","3.25","3.31","32800"
"FRBK","2013-09-04","3.31","3.33","3.0","3.28","67200"
"FRBK","2013-09-05","3.26","3.33","3.17","3.33","15800"
"FRBK","2013-09-06","3.33","3.4","3.33","3.37","5500"
"FRBK","2013-09-09","3.07","3.38","3.07","3.27","61700"
"FRBK","2013-09-10","3.27","3.27","3.1","3.27","13100"
"FRBK","2013-09-11","3.34","3.39","3.17","3.36","53600"
"FRBK","2013-09-12","3.4","3.42","3.3","3.35","6700"
"FRBK","2013-09-13","3.39","3.39","3.3","3.31","8000"
"FRBK","2013-09-16","3.3","3.36","3.21","3.21","15300"
"FRBK","2013-09-17","3.32","3.35","3.23","3.29","18300"
"FRBK","2013-09-18","3.33","3.39","3.11","3.32","133100"
"FRBK","2013-09-19","3.32","3.4","3.2","3.28","17100"
"FRBK","2013-09-20","3.33","3.34","3.25","3.3","9300"
"FRBK","2013-09-23","3.28","3.28","3.18","3.18","8300"
"FRBK","2013-09-24","3.23","3.34","3.19","3.25","16300"
"FRBK","2013-09-25","3.28","3.3","3.2","3.25","7700"
"FRBK","2013-09-26","3.28","3.28","3.2","3.21","11000"
"FRBK","2013-09-27","3.11","3.25","3.11","3.15","5800"
"FRBK","2013-09-30","3.2","3.25","3.16","3.19","54800"
"FRBK","2013-10-01","3.2","3.28","3.11","3.14","122900"
"FRBK","2013-10-02","3.18","3.24","3.08","3.24","87200"
"FRBK","2013-10-03","3.22","3.22","3.08","3.17","11500"
"FRBK","2013-10-04","3.14","3.21","3.08","3.17","3300"
"FRBK","2013-10-07","3.08","3.2","3.05","3.06","58600"
"FRBK","2013-10-08","3.05","3.13","2.92","3.04","53900"
"FRBK","2013-10-09","3.03","3.09","3.0","3.09","16500"
"FRBK","2013-10-10","3.1","3.16","3.02","3.14","18800"
"FRBK","2013-10-11","3.1","3.14","3.01","3.14","15400"
"FRBK","2013-10-14","3.14","3.14","2.99","3.05","37300"
"FRBK","2013-10-15","3.1","3.14","2.99","3.12","16300"
"FRBK","2013-10-16","3.04","3.24","2.99","3.11","57000"
"FRBK","2013-10-17","3.06","3.23","3.03","3.21","35400"
"FRBK","2013-10-18","3.2","3.24","3.1","3.24","16200"
"FRBK","2013-10-21","3.15","3.24","3.15","3.24","22600"
"FRBK","2013-10-22","3.24","3.24","3.15","3.21","17400"
"FRBK","2013-10-23","3.21","3.25","3.2","3.24","31500"
"FRBK","2013-10-24","3.3","3.3","3.22","3.3","5200"
"FRBK","2013-10-25","3.3","3.3","3.16","3.18","7200"
"FRBK","2013-10-28","3.15","3.25","3.13","3.16","5900"
"FRBK","2013-10-29","3.2","3.23","3.14","3.18","10900"
"FRBK","2013-10-30","3.21","3.21","3.13","3.16","16500"
"FRBK","2013-10-31","3.12","3.24","3.12","3.15","4400"
"FRBK","2013-11-01","3.18","3.21","3.1","3.16","9700"
"FRBK","2013-11-04","3.2","3.22","3.15","3.17","32400"
"FRBK","2013-11-05","3.19","3.19","3.16","3.16","15500"
"FRBK","2013-11-06","3.15","3.19","3.09","3.09","23400"
"FRBK","2013-11-07","3.14","3.16","3.0","3.1","12500"
"FRBK","2013-11-08","3.12","3.22","3.1","3.2","21500"
"FRBK","2013-11-11","3.2","3.29","3.15","3.17","58100"
"FRBK","2013-11-12","3.1","3.27","3.1","3.15","47500"
"FRBK","2013-11-13","3.16","3.21","3.15","3.2","900"
"FRBK","2013-11-14","3.24","3.24","3.16","3.16","9100"
"FRBK","2013-11-15","3.18","3.18","3.08","3.12","25700"
"FRBK","2013-11-18","3.15","3.15","3.1","3.1","8600"
"FRBK","2013-11-19","3.06","3.08","3.04","3.05","14600"
"FRBK","2013-11-20","3.02","3.11","3.02","3.11","25500"
"FRBK","2013-11-21","3.08","3.13","3.08","3.13","14000"
"FRBK","2013-11-22","3.07","3.24","3.06","3.24","54100"
"FRBK","2013-11-25","3.24","3.24","3.07","3.09","22600"
"FRBK","2013-11-26","3.15","3.24","3.08","3.13","44900"
"FRBK","2013-11-27","3.16","3.23","3.1","3.2","26000"
"FRBK","2013-11-29","3.23","3.23","3.18","3.19","1800"
"FRBK","2013-12-02","3.17","3.22","3.12","3.22","26100"
"FRBK","2013-12-03","3.22","3.27","3.22","3.27","36900"
"FRBK","2013-12-04","3.27","3.27","3.14","3.27","22100"
"FRBK","2013-12-05","3.27","3.27","3.16","3.18","3700"
"FRBK","2013-12-06","3.18","3.24","3.18","3.19","1400"
"FRBK","2013-12-09","3.22","3.26","3.13","3.13","7200"
"FRBK","2013-12-10","3.12","3.23","3.12","3.12","17900"
"FRBK","2013-12-11","3.1","3.12","3.07","3.08","11500"
"FRBK","2013-12-12","3.07","3.1","3.07","3.07","18300"
"FRBK","2013-12-13","3.12","3.12","3.07","3.07","15000"
"FRBK","2013-12-16","3.07","3.1","3.0","3.08","21100"
"FRBK","2013-12-17","3.08","3.08","3.03","3.03","5500"
"FRBK","2013-12-18","3.0","3.07","3.0","3.06","30100"
"FRBK","2013-12-19","3.0","3.03","3.0","3.03","9100"
"FRBK","2013-12-20","3.06","3.06","3.03","3.05","21600"
"FRBK","2013-12-23","3.03","3.04","3.0","3.02","19700"
"FRBK","2013-12-24","3.05","3.05","3.0","3.05","9500"
"FRBK","2013-12-26","3.04","3.04","2.9","3.01","47400"
"FRBK","2013-12-27","2.97","3.0","2.95","3.0","17900"
"FRBK","2013-12-30","2.96","3.0","2.94","2.95","21000"
"FRBK","2013-12-31","2.93","3.0","2.93","2.98","58500"
"FRBK","2014-01-02","2.98","2.98","2.86","2.98","111200"
"FRBK","2014-01-03","2.98","3.07","2.92","3.06","72800"
"FRBK","2014-01-06","3.0","3.03","2.97","3.03","22700"
"FRBK","2014-01-07","2.97","3.03","2.97","2.99","18000"
"FRBK","2014-01-08","3.0","3.07","2.97","3.06","59600"
"FRBK","2014-01-09","3.08","3.08","3.05","3.05","4900"
"FRBK","2014-01-10","3.07","3.08","3.05","3.07","11600"
"FRBK","2014-01-13","3.08","3.08","3.05","3.05","6200"
"FRBK","2014-01-14","3.08","3.19","3.05","3.11","53900"
"FRBK","2014-01-15","3.15","3.23","3.14","3.15","10500"
"FRBK","2014-01-16","3.12","3.18","3.1","3.11","4800"
"FRBK","2014-01-17","3.13","3.18","3.05","3.15","6500"
"FRBK","2014-01-21","3.19","3.19","3.15","3.16","6700"
"FRBK","2014-01-22","3.2","3.24","3.15","3.2","34600"
"FRBK","2014-01-23","3.22","3.25","3.15","3.21","32800"
"FRBK","2014-01-24","3.24","3.24","3.09","3.16","9100"
"FRBK","2014-01-27","3.13","3.22","3.02","3.16","20300"
"FRBK","2014-01-28","3.17","3.24","3.17","3.18","17500"
"FRBK","2014-01-29","3.19","3.19","3.15","3.15","10400"
"FRBK","2014-01-30","3.14","3.19","3.14","3.18","9700"
"FRBK","2014-01-31","3.12","3.21","3.12","3.19","19100"
"FRBK","2014-02-03","3.24","3.24","3.15","3.15","17900"
"FRBK","2014-02-04","3.14","3.18","3.14","3.17","15100"
"FRBK","2014-02-05","3.1","3.14","3.09","3.1","8000"
"FRBK","2014-02-06","3.13","3.17","3.08","3.13","4300"
"FRBK","2014-02-07","3.18","3.18","3.12","3.14","12100"
"FRBK","2014-02-10","3.15","3.2","3.15","3.15","5600"
"FRBK","2014-02-11","3.13","3.16","3.05","3.05","8200"
"FRBK","2014-02-12","3.08","3.24","3.08","3.2","27100"
"FRBK","2014-02-13","3.24","3.27","3.2","3.27","16900"
"FRBK","2014-02-14","3.27","3.34","3.27","3.34","10800"
"FRBK","2014-02-18","3.35","3.42","3.31","3.42","19800"
"FRBK","2014-02-19","3.41","3.49","3.31","3.48","11200"
"FRBK","2014-02-20","3.5","3.53","3.42","3.49","16700"
"FRBK","2014-02-21","3.54","3.59","3.5","3.53","18400"
"FRBK","2014-02-24","3.55","3.74","3.49","3.6","39800"
"FRBK","2014-02-25","3.65","3.7","3.5","3.51","83800"
"FRBK","2014-02-26","3.48","3.66","3.48","3.58","27800"
"FRBK","2014-02-27","3.6","3.64","3.55","3.62","43500"
"FRBK","2014-02-28","3.54","3.69","3.49","3.68","41100"
"FRBK","2014-03-03","3.68","3.74","3.51","3.71","39000"
"FRBK","2014-03-04","3.78","3.98","3.76","3.98","87400"
"FRBK","2014-03-05","4.03","4.18","3.75","4.09","108000"
"FRBK","2014-03-06","4.17","4.17","4.0","4.06","91400"
"FRBK","2014-03-07","4.13","4.3","4.11","4.29","118000"
"FRBK","2014-03-10","4.35","4.59","4.35","4.4","137700"
"FRBK","2014-03-11","4.45","4.59","4.27","4.4","103100"
"FRBK","2014-03-12","4.49","4.58","4.36","4.38","74900"
"FRBK","2014-03-13","4.45","4.58","4.26","4.43","182700"
"FRBK","2014-03-14","4.31","4.53","4.27","4.32","33600"
"FRBK","2014-03-17","4.29","4.35","4.15","4.22","84000"
"FRBK","2014-03-18","4.26","4.3","4.21","4.24","31100"
"FRBK","2014-03-19","4.25","4.25","4.16","4.22","25900"
"FRBK","2014-03-20","4.25","4.37","4.17","4.26","34100"
"FRBK","2014-03-21","4.29","4.34","4.16","4.26","234200"
"FRBK","2014-03-24","4.3","4.3","3.87","4.02","218100"
"FRBK","2014-03-25","4.07","4.27","3.87","3.91","52000"
"FRBK","2014-03-26","4.0","4.0","3.8","3.87","73200"
"FRBK","2014-03-27","3.83","3.97","3.8","3.82","91100"
"FRBK","2014-03-28","3.88","3.94","3.85","3.91","34800"
"FRBK","2014-03-31","3.94","3.94","3.76","3.85","57400"
"FRBK","2014-04-01","3.83","3.89","3.75","3.85","92000"
"FRBK","2014-04-02","3.9","3.94","3.69","3.75","101000"
"FRBK","2014-04-03","3.63","3.74","3.51","3.65","73300"
"FRBK","2014-04-04","3.62","3.72","3.52","3.55","19900"
"FRBK","2014-04-07","3.57","3.67","3.51","3.58","46200"
"FRBK","2014-04-08","3.57","3.68","3.51","3.62","28600"
"FRBK","2014-04-09","3.66","3.68","3.56","3.6","17300"
"FRBK","2014-04-10","3.64","3.92","3.5","3.65","50000"
"FRBK","2014-04-11","3.66","3.84","3.48","3.63","18100"
"FRBK","2014-04-14","3.66","3.83","3.53","3.57","24900"
"FRBK","2014-04-15","3.64","3.78","3.64","3.7","21700"
"FRBK","2014-04-16","3.7","3.82","3.7","3.75","20600"
"FRBK","2014-04-17","3.79","3.91","3.79","3.8","19800"
"FRBK","2014-04-21","3.85","4.21","3.81","4.17","105600"
"FRBK","2014-04-22","4.2","4.44","4.15","4.23","90600"
"FRBK","2014-04-23","4.3","4.41","4.16","4.2","64900"
"FRBK","2014-04-24","4.25","4.28","4.11","4.2","51600"
"FRBK","2014-04-25","4.19","4.26","4.17","4.2","39900"
"FRBK","2014-04-28","4.22","4.25","4.14","4.2","38800"
"FRBK","2014-04-29","4.19","4.49","4.16","4.37","78200"
"FRBK","2014-04-30","4.41","4.42","4.31","4.42","47300"
"FRBK","2014-05-01","4.46","4.49","4.38","4.42","24000"
"FRBK","2014-05-02","4.44","4.44","4.29","4.34","21500"
"FRBK","2014-05-05","4.36","4.45","4.32","4.4","53200"
"FRBK","2014-05-06","4.43","4.45","4.38","4.39","40400"
"FRBK","2014-05-07","4.42","4.45","4.28","4.4","78200"
"FRBK","2014-05-08","4.43","4.43","4.25","4.29","33900"
"FRBK","2014-05-09","4.32","4.44","4.26","4.4","33400"
"FRBK","2014-05-12","4.45","5.0","4.43","4.78","162400"
"FRBK","2014-05-13","4.82","4.9","4.82","4.86","126200"
"FRBK","2014-05-14","5.0","6.0","4.9","5.16","672000"
"FRBK","2014-05-15","5.5","5.5","5.08","5.09","232800"
"FRBK","2014-05-16","5.14","5.34","4.99","5.0","283900"
"FRBK","2014-05-19","5.04","5.26","4.89","5.07","189300"
"FRBK","2014-05-20","5.1","5.14","4.99","5.05","156900"
"FRBK","2014-05-21","5.14","5.43","5.03","5.15","205500"
"FRBK","2014-05-22","5.1","5.15","5.03","5.05","103800"
"FRBK","2014-05-23","5.1","5.16","5.0","5.02","71700"
"FRBK","2014-05-27","5.15","5.15","4.99","5.02","157300"
"FRBK","2014-05-28","5.07","5.08","4.93","4.95","144000"
"FRBK","2014-05-29","4.98","5.03","4.87","4.9","139500"
"FRBK","2014-05-30","5.1","5.1","4.9","5.0","90600"
"FRBK","2014-06-02","5.11","5.13","4.96","5.03","95600"
"FRBK","2014-06-03","5.01","5.05","4.98","5.0","130300"
"FRBK","2014-06-04","5.0","5.02","4.97","4.97","92100"
"FRBK","2014-06-05","5.02","5.02","4.91","4.96","142700"
"FRBK","2014-06-06","4.99","5.02","4.97","5.02","91800"
"FRBK","2014-06-09","4.95","5.02","4.9","5.0","116500"
"FRBK","2014-06-10","5.0","5.02","4.98","5.0","92600"
"FRBK","2014-06-11","5.0","5.02","4.82","4.96","116900"
"FRBK","2014-06-12","4.99","5.02","4.98","4.98","133800"
"FRBK","2014-06-13","4.95","5.03","4.95","4.99","162100"
"FRBK","2014-06-16","5.02","5.12","4.98","4.99","271600"
"FRBK","2014-06-17","5.04","5.14","5.04","5.12","266500"
"FRBK","2014-06-18","5.09","5.15","5.06","5.12","150100"
"FRBK","2014-06-19","5.09","5.11","4.91","4.94","207700"
"FRBK","2014-06-20","4.92","5.16","4.91","5.16","487300"
"FRBK","2014-06-23","5.11","5.38","5.03","5.35","282500"
"FRBK","2014-06-24","5.39","5.4","5.27","5.28","129600"
"FRBK","2014-06-25","5.3","5.35","5.25","5.27","149200"
"FRBK","2014-06-26","5.3","5.3","5.18","5.22","142700"
"FRBK","2014-06-27","5.22","5.22","4.78","4.97","3953000"
"FRBK","2014-06-30","4.93","5.11","4.91","5.04","184700"
"FRBK","2014-07-01","5.08","5.13","4.93","4.97","142800"
"FRBK","2014-07-02","5.01","5.01","4.94","4.94","110600"
"FRBK","2014-07-03","4.93","5.05","4.93","5.0","34100"
"FRBK","2014-07-07","4.96","5.14","4.91","5.12","160500"
"FRBK","2014-07-08","5.09","5.18","4.94","5.01","122200"
"FRBK","2014-07-09","5.05","5.1","5.01","5.05","36500"
"FRBK","2014-07-10","5.0","5.05","4.96","4.99","67100"
"FRBK","2014-07-11","5.0","5.07","4.85","4.88","71800"
"FRBK","2014-07-14","4.94","5.05","4.9","5.01","67900"
"FRBK","2014-07-15","5.0","5.02","4.91","5.01","62400"
"FRBK","2014-07-16","5.02","5.05","4.91","4.91","40800"
"FRBK","2014-07-17","4.92","4.96","4.75","4.78","146300"
"FRBK","2014-07-18","4.75","4.94","4.75","4.92","66300"
"FRBK","2014-07-21","4.88","4.92","4.67","4.7","73000"
"FRBK","2014-07-22","4.73","4.75","4.5","4.62","126600"
"FRBK","2014-07-23","4.61","4.69","4.51","4.68","46900"
"FRBK","2014-07-24","4.7","4.75","4.48","4.52","136100"
"FRBK","2014-07-25","4.48","4.61","4.43","4.59","80000"
"FRBK","2014-07-28","4.6","4.76","4.5","4.51","55000"
"FRBK","2014-07-29","4.52","4.56","4.4","4.43","75300"
"FRBK","2014-07-30","4.45","4.66","4.41","4.5","42500"
"FRBK","2014-07-31","4.45","4.65","4.4","4.4","66200"
"FRBK","2014-08-01","4.4","4.44","4.27","4.39","85400"
"FRBK","2014-08-04","4.38","4.46","4.29","4.34","79400"
"FRBK","2014-08-05","4.3","4.44","4.29","4.32","29200"
"FRBK","2014-08-06","4.31","4.45","4.31","4.37","69900"
"FRBK","2014-08-07","4.36","4.44","4.36","4.39","23400"
"FRBK","2014-08-08","4.37","4.57","4.37","4.53","91200"
"FRBK","2014-08-11","4.56","4.7","4.56","4.67","37200"
"FRBK","2014-08-12","4.68","4.78","4.58","4.61","59000"
"FRBK","2014-08-13","4.64","4.67","4.51","4.55","40800"
"FRBK","2014-08-14","4.57","4.61","4.48","4.56","38200"
"FRBK","2014-08-15","4.63","4.63","4.37","4.42","53100"
"FRBK","2014-08-18","4.47","4.59","4.42","4.57","36900"
"FRBK","2014-08-19","4.56","4.59","4.48","4.48","31100"
"FRBK","2014-08-20","4.47","4.49","4.4","4.44","64000"
"FRBK","2014-08-21","4.47","4.49","4.36","4.46","56600"
"FRBK","2014-08-22","4.47","4.52","4.42","4.45","41200"
"FRBK","2014-08-25","4.48","4.49","4.37","4.43","40000"
"FRBK","2014-08-26","4.38","4.5","4.35","4.5","99100"
"FRBK","2014-08-27","4.49","4.5","4.44","4.48","14200"
"FRBK","2014-08-28","4.45","4.5","4.37","4.48","47800"
"FRBK","2014-08-29","4.47","4.48","4.4","4.47","58300"
"FRBK","2014-09-02","4.47","4.49","4.45","4.46","26300"
"FRBK","2014-09-03","4.49","4.49","4.41","4.42","75500"
"FRBK","2014-09-04","4.45","4.47","4.42","4.46","38300"
"FRBK","2014-09-05","4.43","4.49","4.38","4.42","29400"
"FRBK","2014-09-08","4.43","4.5","4.42","4.49","41000"
"FRBK","2014-09-09","4.46","4.48","4.4","4.43","60800"
"FRBK","2014-09-10","4.42","4.48","4.4","4.47","30300"
"FRBK","2014-09-11","4.45","4.53","4.45","4.51","81500"
"FRBK","2014-09-12","4.53","4.6","4.4","4.41","97000"
"FRBK","2014-09-15","4.44","4.74","4.37","4.4","49400"
"FRBK","2014-09-16","4.41","4.44","4.32","4.34","62400"
"FRBK","2014-09-17","4.37","4.5","4.32","4.41","52100"
"FRBK","2014-09-18","4.41","4.5","4.4","4.41","69700"
"FRBK","2014-09-19","4.4","4.49","4.32","4.34","117200"
"FRBK","2014-09-22","4.32","4.37","4.15","4.17","90800"
"FRBK","2014-09-23","4.17","4.17","3.97","4.01","230400"
"FRBK","2014-09-24","4.04","4.15","4.02","4.14","68000"
"FRBK","2014-09-25","4.12","4.12","4.0","4.0","61500"
"FRBK","2014-09-26","4.0","4.03","3.96","3.97","92500"
"FRBK","2014-09-29","3.94","4.06","3.86","3.98","41600"
"FRBK","2014-09-30","3.98","4.0","3.89","3.89","100900"
"FRBK","2014-10-01","3.85","3.91","3.78","3.78","102600"
"FRBK","2014-10-02","3.8","3.94","3.8","3.92","34900"
"FRBK","2014-10-03","3.94","3.97","3.89","3.93","44000"
"FRBK","2014-10-06","3.95","3.95","3.88","3.88","23700"
"FRBK","2014-10-07","3.88","3.91","3.81","3.81","67900"
"FRBK","2014-10-08","3.8","4.01","3.8","3.97","51400"
"FRBK","2014-10-09","3.95","3.95","3.88","3.89","99800"
"FRBK","2014-10-10","3.85","3.96","3.84","3.84","73600"
"FRBK","2014-10-13","3.84","3.92","3.81","3.88","68700"
"FRBK","2014-10-14","3.94","4.01","3.89","3.95","64700"
"FRBK","2014-10-15","3.88","4.13","3.88","4.05","70200"
"FRBK","2014-10-16","4.03","4.22","3.99","4.22","70000"
"FRBK","2014-10-17","4.32","4.32","3.98","4.06","56300"
"FRBK","2014-10-20","4.05","4.07","3.82","3.91","80200"
"FRBK","2014-10-21","3.91","3.93","3.83","3.89","93100"
"FRBK","2014-10-22","3.88","3.94","3.83","3.85","98500"
"FRBK","2014-10-23","3.86","3.9","3.83","3.85","105000"
"FRBK","2014-10-24","3.87","3.89","3.8","3.84","50100"
"FRBK","2014-10-27","3.81","3.83","3.72","3.75","125500"
"FRBK","2014-10-28","3.78","3.89","3.74","3.75","215000"
"FRBK","2014-10-29","3.75","3.79","3.72","3.76","22200"
"FRBK","2014-10-30","3.77","3.86","3.75","3.8","99200"
"FRBK","2014-10-31","3.9","4.03","3.9","3.97","73100"
"FRBK","2014-11-03","4.0","4.11","3.92","3.99","59000"
"FRBK","2014-11-04","3.95","3.99","3.94","3.95","23700"
"FRBK","2014-11-05","3.96","4.15","3.88","4.12","27700"
"FRBK","2014-11-06","4.11","4.14","4.03","4.13","29000"
"FRBK","2014-11-07","4.11","4.13","4.03","4.07","35100"
"FRBK","2014-11-10","4.1","4.15","4.01","4.13","57700"
"FRBK","2014-11-11","4.09","4.12","4.06","4.06","31900"
"FRBK","2014-11-12","4.06","4.07","4.0","4.07","34000"
"FRBK","2014-11-13","4.07","4.07","3.86","3.97","68100"
"FRBK","2014-11-14","3.96","4.05","3.91","4.04","67900"
"FRBK","2014-11-17","4.02","4.04","3.85","3.86","43700"
"FRBK","2014-11-18","3.88","3.9","3.86","3.86","23700"
"FRBK","2014-11-19","3.85","3.85","3.79","3.79","33800"
"FRBK","2014-11-20","3.79","3.88","3.79","3.84","21800"
"FRBK","2014-11-21","3.89","3.92","3.88","3.9","26400"
"FRBK","2014-11-24","3.93","4.07","3.92","4.07","40800"
"FRBK","2014-11-25","4.08","4.08","3.94","3.94","12800"
"FRBK","2014-11-26","3.95","3.97","3.92","3.94","14700"
"FRBK","2014-11-28","3.89","3.89","3.79","3.79","34400"
"FRBK","2014-12-01","3.82","3.88","3.79","3.79","35316"
"FRBK","2014-12-02","3.82","3.98","3.8","3.85","40660"
"FRBK","2014-12-03","3.86","3.95","3.84","3.91","31902"
"FRBK","2014-12-04","3.91","3.99","3.83","3.86","23446"
"FRBK","2014-12-05","3.85","3.99","3.85","3.9","46852"
"FRBK","2014-12-08","3.87","3.89","3.8","3.8","49748"
"FRBK","2014-12-09","3.78","3.89","3.78","3.85","71804"
"FRBK","2014-12-10","3.84","3.88","3.71","3.73","73584"
"FRBK","2014-12-11","3.76","3.86","3.76","3.81","50010"
"FRBK","2014-12-12","3.75","3.85","3.75","3.77","93780"
"FRBK","2014-12-15","3.82","3.82","3.7","3.7","39620"
"FRBK","2014-12-16","3.69","3.73","3.61","3.64","114094"
"FRBK","2014-12-17","3.63","3.74","3.63","3.7","114838"
"FRBK","2014-12-18","3.72","3.78","3.71","3.77","35698"
"FRBK","2014-12-19","3.75","3.79","3.71","3.72","91872"
"FRBK","2014-12-22","3.71","3.8","3.64","3.8","65530"
"FRBK","2014-12-23","3.84","3.89","3.78","3.85","176480"
"FRBK","2014-12-24","3.88","3.88","3.82","3.84","24146"
"FRBK","2014-12-26","3.87","3.87","3.77","3.84","53101"
"FRBK","2014-12-29","3.83","3.84","3.77","3.81","38703"
"FRBK","2014-12-30","3.81","3.81","3.74","3.77","244827"
"FRBK","2014-12-31","3.81","3.81","3.73","3.75","208473"
"FRBK","2015-01-02","3.8","3.81","3.77","3.8","42752"
"FRBK","2015-01-05","3.79","3.79","3.75","3.78","41825"
"FRBK","2015-01-06","3.78","3.78","3.66","3.71","60257"
"FRBK","2015-01-07","3.72","3.8","3.65","3.7","37814"
"FRBK","2015-01-08","3.74","3.74","3.7","3.7","92272"
"FRBK","2015-01-09","3.7","3.7","3.58","3.62","202494"
"FRBK","2015-01-12","3.63","3.63","3.47","3.49","480868"
"FRBK","2015-01-13","3.56","3.7","3.51","3.62","54906"
"FRBK","2015-01-14","3.57","3.61","3.31","3.44","151151"
"FRBK","2015-01-15","3.47","3.48","3.35","3.39","145989"
"FRBK","2015-01-16","3.42","3.77","3.42","3.77","230371"
"FRBK","2015-01-20","3.81","3.81","3.64","3.68","152433"
"FRBK","2015-01-21","3.7","3.71","3.52","3.56","54867"
"FRBK","2015-01-22","3.6","3.62","3.49","3.56","121360"
"FRBK","2015-01-23","3.6","3.89","3.55","3.89","188034"
"FRBK","2015-01-26","3.89","3.94","3.76","3.81","41798"
"FRBK","2015-01-27","3.77","3.77","3.68","3.7","62241"
"FRBK","2015-01-28","3.73","3.74","3.5","3.53","105700"
"FRBK","2015-01-29","3.56","3.58","3.5","3.54","118330"
"FRBK","2015-01-30","3.5","3.57","3.42","3.43","53576"
"FRBK","2015-02-02","3.47","3.56","3.41","3.54","72621"
"FRBK","2015-02-03","3.58","3.69","3.54","3.57","27620"
"FRBK","2015-02-04","3.57","3.63","3.46","3.49","45321"
"FRBK","2015-02-05","3.55","3.61","3.54","3.57","94437"
"FRBK","2015-02-06","3.59","3.67","3.55","3.56","80592"
"FRBK","2015-02-09","3.55","3.63","3.42","3.44","64602"
"FRBK","2015-02-10","3.48","3.62","3.46","3.51","89375"
"FRBK","2015-02-11","3.49","3.59","3.47","3.48","41610"
"FRBK","2015-02-12","3.5","3.57","3.46","3.5","37964"
"FRBK","2015-02-13","3.52","3.57","3.47","3.47","53390"
"FRBK","2015-02-17","3.48","3.5","3.4","3.41","63151"
"FRBK","2015-02-18","3.4","3.44","3.4","3.42","56761"
"FRBK","2015-02-19","3.42","3.62","3.4","3.55","177082"
"FRBK","2015-02-20","3.57","3.57","3.44","3.45","95969"
"FRBK","2015-02-23","3.42","3.46","3.34","3.39","149293"
"FRBK","2015-02-24","3.4","3.53","3.4","3.49","135504"
"FRBK","2015-02-25","3.49","3.5","3.41","3.42","58782"
"FRBK","2015-02-26","3.41","3.45","3.37","3.37","58095"
"FRBK","2015-02-27","3.38","3.39","3.32","3.32","54601"
"FRBK","2015-03-02","3.34","3.38","3.3","3.3","76169"
"FRBK","2015-03-03","3.31","3.35","3.27","3.28","63557"
"FRBK","2015-03-04","3.29","3.32","3.28","3.28","51901"
"FRBK","2015-03-05","3.3","3.46","3.3","3.37","59679"
"FRBK","2015-03-06","3.32","3.42","3.3","3.31","48726"
"FRBK","2015-03-09","3.33","3.37","3.32","3.35","35788"
"FRBK","2015-03-10","3.34","3.39","3.32","3.32","58020"
"FRBK","2015-03-11","3.35","3.51","3.35","3.47","75024"
"FRBK","2015-03-12","3.52","3.55","3.48","3.55","100418"
"FRBK","2015-03-13","3.56","3.58","3.5","3.56","30538"
"FRBK","2015-03-16","3.6","3.6","3.5","3.54","31773"
"FRBK","2015-03-17","3.54","3.54","3.39","3.43","37676"
"FRBK","2015-03-18","3.45","3.47","3.41","3.42","39696"
"FRBK","2015-03-19","3.4","3.58","3.4","3.57","44210"
"FRBK","2015-03-20","3.57","3.65","3.57","3.63","79685"
"FRBK","2015-03-23","3.64","3.74","3.45","3.47","155822"
"FRBK","2015-03-24","3.45","3.59","3.4","3.44","113333"
"FRBK","2015-03-25","3.48","3.48","3.35","3.35","95747"
"FRBK","2015-03-26","3.37","3.41","3.34","3.39","79678"
"FRBK","2015-03-27","3.41","3.87","3.38","3.72","177556"
"FRBK","2015-03-30","3.76","3.82","3.66","3.75","48914"
"FRBK","2015-03-31","3.77","3.77","3.55","3.63","81624"
"FRBK","2015-04-01","3.6","3.65","3.49","3.57","66132"
"FRBK","2015-04-02","3.54","3.65","3.5","3.55","67111"
"FRBK","2015-04-06","3.54","3.62","3.5","3.51","51874"
"FRBK","2015-04-07","3.51","3.52","3.5","3.5","43793"
"FRBK","2015-04-08","3.51","3.56","3.5","3.55","49737"
"FRBK","2015-04-09","3.54","3.55","3.46","3.47","51525"
"FRBK","2015-04-10","3.51","3.51","3.4","3.42","131568"
"FRBK","2015-04-13","3.44","3.49","3.36","3.4","139928"
"FRBK","2015-04-14","3.43","3.47","3.37","3.46","55657"
"FRBK","2015-04-15","3.49","3.62","3.46","3.6","109264"
"FRBK","2015-04-16","3.58","3.66","3.54","3.56","66346"
"FRBK","2015-04-17","3.55","3.59","3.47","3.49","66574"
"FRBK","2015-04-20","3.53","3.61","3.5","3.61","55547"
"FRBK","2015-04-21","3.61","3.69","3.58","3.58","58896"
"FRBK","2015-04-22","3.59","3.61","3.52","3.54","58804"
"FRBK","2015-04-23","3.5","3.6","3.5","3.56","95128"
"FRBK","2015-04-24","3.59","3.63","3.53","3.57","57732"
"FRBK","2015-04-27","3.56","3.61","3.53","3.53","105806"
"FRBK","2015-04-28","3.51","3.7","3.51","3.62","90043"
"FRBK","2015-04-29","3.63","3.69","3.6","3.6","46433"
"FRBK","2015-04-30","3.56","3.62","3.56","3.6","74769"
"FRBK","2015-05-01","3.59","3.63","3.57","3.61","91614"
"FRBK","2015-05-04","3.6","3.65","3.58","3.6","65313"
"FRBK","2015-05-05","3.6","3.65","3.56","3.6","107352"
"FRBK","2015-05-06","3.6","3.73","3.54","3.57","158769"
"FRBK","2015-05-07","3.57","3.66","3.53","3.61","63195"
"FRBK","2015-05-08","3.64","3.64","3.55","3.62","70097"
"FRBK","2015-05-11","3.64","3.64","3.54","3.56","63564"
"FRBK","2015-05-12","3.55","3.55","3.51","3.53","74340"
"FRBK","2015-05-13","3.52","3.55","3.51","3.52","73442"
"FRBK","2015-05-14","3.57","3.57","3.51","3.57","60384"
"FRBK","2015-05-15","3.68","3.68","3.51","3.52","65760"
"FRBK","2015-05-18","3.51","3.54","3.5","3.52","81614"
"FRBK","2015-05-19","3.53","3.56","3.5","3.53","119190"
"FRBK","2015-05-20","3.56","3.56","3.5","3.54","44130"
"FRBK","2015-05-21","3.55","3.55","3.49","3.5","70807"
"FRBK","2015-05-22","3.51","3.52","3.48","3.51","79801"
"FRBK","2015-05-26","3.48","3.55","3.46","3.46","239258"
"FRBK","2015-05-27","3.46","3.49","3.44","3.47","65582"
"FRBK","2015-05-28","3.57","3.57","3.47","3.49","44430"
"FRBK","2015-05-29","3.51","3.53","3.44","3.52","65927"
"FRBK","2015-06-01","3.56","3.56","3.47","3.5","48993"
"FRBK","2015-06-02","3.47","3.57","3.47","3.5","52097"
"FRBK","2015-06-03","3.5","3.52","3.47","3.5","102314"
"FRBK","2015-06-04","3.5","3.5","3.46","3.49","48917"
"FRBK","2015-06-05","3.51","3.55","3.48","3.52","180594"
"FRBK","2015-06-08","3.49","3.52","3.46","3.5","156941"
"FRBK","2015-06-09","3.48","3.62","3.48","3.55","115298"
"FRBK","2015-06-10","3.59","3.62","3.55","3.6","144930"
"FRBK","2015-06-11","3.63","3.63","3.51","3.55","48376"
"FRBK","2015-06-12","3.51","3.59","3.48","3.52","82919"
"FRBK","2015-06-15","3.51","3.56","3.47","3.5","72567"
"FRBK","2015-06-16","3.48","3.51","3.46","3.51","121360"
"FRBK","2015-06-17","3.51","3.58","3.48","3.54","172814"
"FRBK","2015-06-18","3.58","3.58","3.5","3.55","132434"
"FRBK","2015-06-19","3.57","3.58","3.49","3.54","197467"
"FRBK","2015-06-22","3.55","3.61","3.55","3.6","102430"
"FRBK","2015-06-23","3.57","3.63","3.55","3.63","250452"
"FRBK","2015-06-24","3.65","3.69","3.57","3.64","94123"
"FRBK","2015-06-25","3.68","3.69","3.55","3.57","71153"
"FRBK","2015-06-26","3.59","3.59","3.46","3.51","3982713"
"FRBK","2015-06-29","3.53","3.57","3.45","3.46","228365"
"FRBK","2015-06-30","3.51","3.53","3.43","3.47","141918"
"FRBK","2015-07-01","3.52","3.52","3.46","3.46","135713"
"FRBK","2015-07-02","3.45","3.46","3.39","3.45","181513"
"FRBK","2015-07-06","3.45","3.5","3.4","3.47","68216"
"FRBK","2015-07-07","3.45","3.47","3.4","3.43","100744"
"FRBK","2015-07-08","3.39","3.42","3.37","3.37","92808"
"FRBK","2015-07-09","3.43","3.43","3.37","3.41","65456"
"FRBK","2015-07-10","3.39","3.45","3.39","3.44","38508"
"FRBK","2015-07-13","3.43","3.49","3.42","3.42","19206"
"FRBK","2015-07-14","3.44","3.47","3.43","3.47","16835"
"FRBK","2015-07-15","3.49","3.51","3.44","3.51","23030"
"FRBK","2015-07-16","3.54","3.54","3.45","3.51","52029"
"FRBK","2015-07-17","3.49","3.51","3.46","3.5","20506"
"FRBK","2015-07-20","3.48","3.53","3.42","3.48","61177"
"FRBK","2015-07-21","3.49","3.6","3.45","3.53","84264"
"FRBK","2015-07-22","3.51","3.6","3.5","3.6","21651"
"FRBK","2015-07-23","3.62","3.62","3.5","3.5","58886"
"FRBK","2015-07-24","3.48","3.55","3.48","3.48","16956"
"FRBK","2015-07-27","3.45","3.56","3.45","3.55","153079"
"FRBK","2015-07-28","3.6","3.66","3.56","3.6","112844"
"FRBK","2015-07-29","3.59","3.6","3.5","3.52","57283"
"FRBK","2015-07-30","3.52","3.55","3.48","3.5","33980"
"FRBK","2015-07-31","3.5","3.54","3.48","3.48","31458"
"FRBK","2015-08-03","3.5","3.51","3.48","3.5","105272"
"FRBK","2015-08-04","3.52","3.59","3.49","3.57","45269"
"FRBK","2015-08-05","3.62","3.62","3.58","3.59","98418"
"FRBK","2015-08-06","3.6","3.6","3.57","3.59","42533"
"FRBK","2015-08-07","3.6","3.6","3.57","3.59","69434"
"FRBK","2015-08-10","3.6","3.61","3.58","3.6","41653"
"FRBK","2015-08-11","3.6","3.61","3.59","3.6","34003"
"FRBK","2015-08-12","3.6","3.61","3.58","3.6","46671"
"FRBK","2015-08-13","3.6","3.65","3.6","3.62","76493"
"FRBK","2015-08-14","3.65","3.65","3.62","3.63","64453"
"FRBK","2015-08-17","3.63","3.64","3.6","3.62","40205"
"FRBK","2015-08-18","3.64","3.65","3.63","3.63","23557"
"FRBK","2015-08-19","3.65","3.65","3.62","3.63","41193"
"FRBK","2015-08-20","3.6","3.6","3.56","3.6","60883"
"FRBK","2015-08-21","3.6","3.6","3.52","3.56","71151"
"FRBK","2015-08-24","3.37","3.48","3.32","3.46","111981"
"FRBK","2015-08-25","3.53","3.53","3.39","3.4","62529"
"FRBK","2015-08-26","3.46","3.46","3.36","3.42","53198"
"FRBK","2015-08-27","3.46","3.46","3.39","3.4","61788"
"FRBK","2015-08-28","3.41","3.55","3.38","3.53","114191"
"FRBK","2015-08-31","3.53","3.54","3.51","3.53","64953"
"FRBK","2015-09-01","3.5","3.54","3.5","3.54","38589"
"FRBK","2015-09-02","3.55","3.55","3.5","3.53","25083"
"FRBK","2015-09-03","3.54","3.57","3.5","3.55","30366"
"FRBK","2015-09-04","3.54","3.6","3.5","3.57","26653"
"FRBK","2015-09-08","3.59","3.65","3.59","3.64","73944"
"FRBK","2015-09-09","3.66","3.7","3.66","3.7","48969"
"FRBK","2015-09-10","3.69","3.85","3.68","3.84","102700"
"FRBK","2015-09-11","3.85","3.96","3.83","3.94","137237"
"FRBK","2015-09-14","3.94","4.02","3.92","4.02","60326"
"FRBK","2015-09-15","4.02","4.03","3.93","3.95","74159"
"FRBK","2015-09-16","3.95","4.01","3.94","3.98","80813"
"FRBK","2015-09-17","4.01","4.01","3.85","3.87","57274"
"FRBK","2015-09-18","3.87","3.88","3.61","3.61","1228957"
"FRBK","2015-09-21","3.64","3.81","3.58","3.79","64732"
"FRBK","2015-09-22","3.73","3.8","3.65","3.7","61137"
"FRBK","2015-09-23","3.7","3.7","3.64","3.69","39125"
"FRBK","2015-09-24","3.61","3.77","3.61","3.75","27293"
"FRBK","2015-09-25","3.78","3.85","3.72","3.77","54562"
"FRBK","2015-09-28","3.75","3.78","3.73","3.75","17404"
"FRBK","2015-09-29","3.75","3.79","3.58","3.62","44024"
"FRBK","2015-09-30","3.65","3.79","3.56","3.72","106863"
"FRBK","2015-10-01","3.73","3.73","3.53","3.65","86668"
"FRBK","2015-10-02","3.64","3.66","3.58","3.66","18120"
"FRBK","2015-10-05","3.71","3.79","3.67","3.78","60648"
"FRBK","2015-10-06","3.57","3.78","3.56","3.73","79077"
"FRBK","2015-10-07","3.74","3.75","3.67","3.7","115456"
"FRBK","2015-10-08","3.7","3.76","3.63","3.66","20990"
"FRBK","2015-10-09","3.66","3.66","3.6","3.64","11022"
"FRBK","2015-10-12","3.61","3.66","3.57","3.62","16597"
"FRBK","2015-10-13","3.6","3.62","3.57","3.61","8589"
"FRBK","2015-10-14","3.59","3.63","3.59","3.6","13539"
"FRBK","2015-10-15","3.64","3.81","3.64","3.8","17395"
"FRBK","2015-10-16","3.83","3.86","3.78","3.84","33649"
"FRBK","2015-10-19","3.83","3.85","3.75","3.85","17235"
"FRBK","2015-10-20","3.82","3.85","3.75","3.8","16425"
"FRBK","2015-10-21","3.85","3.85","3.79","3.81","14577"
"FRBK","2015-10-22","3.81","3.85","3.8","3.81","19071"
"FRBK","2015-10-23","3.85","3.85","3.83","3.84","16433"
"FRBK","2015-10-26","3.87","3.87","3.76","3.81","35166"
"FRBK","2015-10-27","3.83","3.85","3.76","3.84","15562"
"FRBK","2015-10-28","3.81","3.89","3.81","3.86","28163"
"FRBK","2015-10-29","3.88","3.96","3.88","3.96","26300"
"FRBK","2015-10-30","3.92","3.98","3.89","3.89","59853"
"FRBK","2015-11-02","3.91","3.99","3.79","3.84","27006"
"FRBK","2015-11-03","3.84","3.98","3.84","3.97","24240"
"FRBK","2015-11-04","4.0","4.04","3.95","4.04","38175"
"FRBK","2015-11-05","4.04","4.04","3.98","4.04","36470"
"FRBK","2015-11-06","4.02","4.16","4.02","4.09","118824"
"FRBK","2015-11-09","4.1","4.16","4.08","4.16","27066"
"FRBK","2015-11-10","4.16","4.31","4.15","4.31","37794"
"FRBK","2015-11-11","4.35","4.43","4.26","4.38","56271"
"FRBK","2015-11-12","4.43","4.43","4.3","4.4","70197"
"FRBK","2015-11-13","4.36","4.38","4.25","4.35","37593"
"FRBK","2015-11-16","4.31","4.35","4.15","4.35","61797"
"FRBK","2015-11-17","4.39","4.45","4.37","4.45","22767"
"FRBK","2015-11-18","4.51","4.55","4.48","4.49","60467"
"FRBK","2015-11-19","4.52","4.53","4.38","4.43","42904"
"FRBK","2015-11-20","4.47","4.49","4.4","4.48","20582"
"FRBK","2015-11-23","4.5","4.5","4.4","4.46","35375"
"FRBK","2015-11-24","4.47","4.47","4.37","4.42","67623"
"FRBK","2015-11-25","4.45","4.54","4.42","4.52","32891"
"FRBK","2015-11-27","4.55","4.6","4.48","4.57","15541"
"FRBK","2015-11-30","4.6","4.63","4.53","4.61","29536"
"FRBK","2015-12-01","4.63","4.67","4.62","4.62","100042"
"FRBK","2015-12-02","4.6","4.6","4.46","4.48","228688"
"FRBK","2015-12-03","4.53","4.58","4.46","4.47","60589"
"FRBK","2015-12-04","4.5","4.54","4.42","4.51","28056"
"FRBK","2015-12-07","4.51","4.55","4.45","4.53","19077"
"FRBK","2015-12-08","4.48","4.5","4.39","4.39","29731"
"FRBK","2015-12-09","4.42","4.49","4.21","4.42","56613"
"FRBK","2015-12-10","4.43","4.47","4.36","4.39","10014"
"FRBK","2015-12-11","4.35","4.4","4.15","4.16","68048"
"FRBK","2015-12-14","4.16","4.25","4.12","4.16","30357"
"FRBK","2015-12-15","4.25","4.25","4.0","4.19","91174"
"FRBK","2015-12-16","4.24","4.25","4.15","4.15","8318"
"FRBK","2015-12-17","4.17","4.35","4.1","4.1","32029"
"FRBK","2015-12-18","4.12","4.4","4.04","4.11","86964"
"FRBK","2015-12-21","4.12","4.25","4.12","4.2","51322"
"FRBK","2015-12-22","4.24","4.24","4.07","4.19","51013"
"FRBK","2015-12-23","4.18","4.25","4.18","4.23","14503"
"FRBK","2015-12-24","4.22","4.22","4.17","4.19","6150"
"FRBK","2015-12-28","4.17","4.21","4.13","4.19","19345"
"FRBK","2015-12-29","4.18","4.37","4.18","4.23","54307"
"FRBK","2015-12-30","4.22","4.28","4.21","4.25","17233"
"FRBK","2015-12-31","4.25","4.33","4.25","4.33","27431"
"FRBK","2016-01-04","4.24","4.35","4.12","4.28","50318"
"FRBK","2016-01-05","4.31","4.38","4.27","4.37","17899"
"FRBK","2016-01-06","4.32","4.4","4.28","4.33","28837"
"FRBK","2016-01-07","4.23","4.34","4.23","4.28","9983"
"FRBK","2016-01-08","4.33","4.45","4.33","4.36","29391"
"FRBK","2016-01-11","4.37","4.4","4.3","4.4","19379"
"FRBK","2016-01-12","4.43","4.45","4.33","4.36","30075"
"FRBK","2016-01-13","4.4","4.4","4.15","4.2","39182"
"FRBK","2016-01-14","4.21","4.21","4.1","4.16","14469"
"FRBK","2016-01-15","4.35","4.36","4.21","4.25","42991"
"FRBK","2016-01-19","4.35","4.37","4.18","4.25","56324"
"FRBK","2016-01-20","4.25","4.25","3.97","4.17","114950"
"FRBK","2016-01-21","4.2","4.21","4.04","4.12","44421"
"FRBK","2016-01-22","4.31","4.31","4.1","4.16","24777"
"FRBK","2016-01-25","4.15","4.24","4.13","4.14","23444"
"FRBK","2016-01-26","4.17","4.2","4.04","4.13","26630"
"FRBK","2016-01-27","4.15","4.17","4.13","4.15","42164"
"FRBK","2016-01-28","4.18","4.19","4.1","4.12","17806"
"FRBK","2016-01-29","4.17","4.19","4.1","4.12","34611"
"FRBK","2016-02-01","4.12","4.15","4.07","4.13","32367"
"FRBK","2016-02-02","4.14","4.15","4.11","4.13","25320"
"FRBK","2016-02-03","4.13","4.16","4.04","4.07","24781"
"FRBK","2016-02-04","4.1","4.15","4.07","4.12","21264"
"FRBK","2016-02-05","4.1","4.15","4.04","4.07","22142"
"FRBK","2016-02-08","4.02","4.11","3.9","4.01","63328"
"FRBK","2016-02-09","3.96","4.0","3.91","3.98","18557"
"FRBK","2016-02-10","3.98","4.0","3.98","4.0","10422"
"FRBK","2016-02-11","3.85","3.88","3.84","3.86","28436"
"FRBK","2016-02-12","3.92","3.98","3.85","3.87","20123"
"FRBK","2016-02-16","4.09","4.09","3.87","3.9","99707"
"FRBK","2016-02-17","3.95","4.05","3.89","4.0","173111"
"FRBK","2016-02-18","3.98","4.0","3.9","3.98","31333"
"FRBK","2016-02-19","4.0","4.0","3.96","3.97","16203"
"FRBK","2016-02-22","4.0","4.1","3.96","4.0","23859"
"FRBK","2016-02-23","4.03","4.06","3.95","3.99","25320"
"FRBK","2016-02-24","3.97","4.14","3.95","4.11","57790"
"FRBK","2016-02-25","4.07","4.15","3.95","4.15","41345"
"FRBK","2016-02-26","4.08","4.19","3.99","4.05","48301"
"FRBK","2016-02-29","4.01","4.15","3.99","4.15","16719"
"FRBK","2016-03-01","4.08","4.14","4.01","4.09","40828"
"FRBK","2016-03-02","4.12","4.28","4.1","4.28","57018"
"FRBK","2016-03-03","4.28","4.36","4.25","4.31","26462"
"FRBK","2016-03-04","4.35","4.35","3.86","4.02","79566"
"FRBK","2016-03-07","4.02","4.19","4.01","4.09","39378"
"FRBK","2016-03-08","4.11","4.16","4.09","4.09","25519"
"FRBK","2016-03-09","4.13","4.14","4.03","4.08","18602"
"FRBK","2016-03-10","4.12","4.16","4.09","4.14","16195"
"FRBK","2016-03-11","4.19","4.24","4.02","4.13","42269"
"FRBK","2016-03-14","4.1","4.24","3.9","4.19","27487"
"FRBK","2016-03-15","4.14","4.24","4.04","4.05","19557"
"FRBK","2016-03-16","4.08","4.16","4.03","4.09","17420"
"FRBK","2016-03-17","4.08","4.19","4.04","4.13","24673"
"FRBK","2016-03-18","4.15","4.24","4.1","4.19","42345"
"FRBK","2016-03-21","4.24","4.26","4.0","4.26","63312"
"FRBK","2016-03-22","4.22","4.27","4.16","4.27","33258"
"FRBK","2016-03-23","4.23","4.27","4.12","4.23","21004"
"FRBK","2016-03-24","4.24","4.26","4.19","4.26","31613"
"FRBK","2016-03-28","4.25","4.28","4.21","4.28","19420"
"FRBK","2016-03-29","4.24","4.34","4.21","4.29","56942"
"FRBK","2016-03-30","4.29","4.4","4.24","4.39","42387"
"FRBK","2016-03-31","4.35","4.39","4.21","4.21","33774"
"FRBK","2016-04-01","4.38","4.38","4.33","4.36","49209"
"FRBK","2016-04-04","4.37","4.46","4.27","4.42","63414"
"FRBK","2016-04-05","4.43","4.47","4.35","4.42","32115"
"FRBK","2016-04-06","4.45","4.49","4.34","4.45","51469"
"FRBK","2016-04-07","4.46","4.46","4.35","4.39","20586"
"FRBK","2016-04-08","4.41","4.49","4.34","4.42","22112"
"FRBK","2016-04-11","4.45","4.59","4.41","4.54","62962"
"FRBK","2016-04-12","4.54","4.6","4.48","4.56","47406"
"FRBK","2016-04-13","4.58","4.7","4.56","4.6","113551"
"FRBK","2016-04-14","4.63","4.7","4.47","4.52","44342"
"FRBK","2016-04-15","4.5","4.7","4.31","4.57","58052"
"FRBK","2016-04-18","4.6","4.81","4.55","4.77","76053"
"FRBK","2016-04-19","4.82","4.84","4.6","4.6","60436"
"FRBK","2016-04-20","4.6","4.7","4.58","4.7","75071"
"FRBK","2016-04-21","4.7","4.8","4.69","4.7","44918"
"FRBK","2016-04-22","4.74","4.8","4.64","4.67","54194"
"FRBK","2016-04-25","4.7","4.71","4.59","4.71","48582"
"FRBK","2016-04-26","4.73","4.81","4.71","4.79","64064"
"FRBK","2016-04-27","4.82","4.82","4.7","4.79","29291"
"FRBK","2016-04-28","4.77","4.77","4.66","4.68","34343"
"FRBK","2016-04-29","4.67","4.7","4.61","4.65","25488"
"FRBK","2016-05-02","4.62","4.73","4.6","4.63","81714"
"FRBK","2016-05-03","4.6","4.67","4.55","4.65","34505"
"FRBK","2016-05-04","4.6","4.65","4.6","4.65","37457"
"FRBK","2016-05-05","4.65","4.67","4.62","4.63","29848"
"FRBK","2016-05-06","4.58","4.65","4.58","4.63","38374"
"FRBK","2016-05-09","4.62","4.66","4.58","4.64","55826"
"FRBK","2016-05-10","4.65","4.66","4.61","4.65","38521"
"FRBK","2016-05-11","4.65","4.65","4.6","4.65","26177"
"FRBK","2016-05-12","4.62","4.65","4.59","4.59","23319"
"FRBK","2016-05-13","4.6","4.65","4.56","4.6","20929"
"FRBK","2016-05-16","4.6","4.64","4.59","4.59","31438"
"FRBK","2016-05-17","4.6","4.6","4.41","4.47","16648"
"FRBK","2016-05-18","4.45","4.59","4.45","4.5","111549"
"FRBK","2016-05-19","4.5","4.55","4.47","4.5","49138"
"FRBK","2016-05-20","4.5","4.51","4.48","4.48","22156"
"FRBK","2016-05-23","4.46","4.54","4.42","4.5","44954"
"FRBK","2016-05-24","4.5","4.51","4.46","4.5","25524"
"FRBK","2016-05-25","4.49","4.5","4.43","4.5","32358"
"FRBK","2016-05-26","4.52","4.52","4.35","4.45","31687"
"FRBK","2016-05-27","4.45","4.45","4.36","4.42","21179"
"FRBK","2016-05-31","4.42","4.43","4.2","4.27","65268"
"FRBK","2016-06-01","4.24","4.43","4.16","4.38","50939"
"FRBK","2016-06-02","4.36","4.42","4.29","4.32","25258"
"FRBK","2016-06-03","4.34","4.34","4.21","4.28","33626"
"FRBK","2016-06-06","4.31","4.36","4.28","4.31","39527"
"FRBK","2016-06-07","4.34","4.39","4.29","4.38","20346"
